52220.36320
102686.56156
3911.86901
3911.86901
13691.54154
3911.86901
3911.86901
3911.86901
3911.86901
3911.86901
33250.88660
150606.95696
3911.86901
3911.86901
3911.86901
3911.86901
40828.45870
3911.86901
3911.86901
3911.86901
18581.37781
4166.85525
2933.90176
3911.86901
3911.86901
3911.86901
3422.88539
3911.86901
3911.86901
3911.86901
3911.86901
2933.90176
3911.86901
3911.86901
3911.86901
3178.39357
3911.86901
3911.86901
3911.86901
3911.86901
2689.40995
23471.21407
3911.86901
3911.86901
2151.52796
3911.86901
3911.86901
3911.86901
3911.86901
3911.86901
3911.86901
3911.86901
3911.86901
4400.85264
3911.86901
3911.86901
3911.86901
3911.86901
3911.86901
3911.86901
1369.15415
3911.86901
3911.86901
4568.58241
3911.86901
199505.31961
3911.86901
3911.86901
3911.86901
3911.86901
8801.70528
3911.86901
3911.86901
9072.99082
3911.86901
3911.86901
3911.86901
3911.86901
3911.86901
3911.86901
3911.86901
3911.86901
13691.54154
3911.86901
3911.86901
23471.21407
3911.86901
3911.86901
3911.86901
3911.86901
3911.86901
3911.86901
3911.86901
18581.37781
3911.86901
3911.86901
3911.86901
3911.86901
3911.86901
3911.86901
8801.70528
3911.86901
3911.86901
3911.86901
3911.86901
3911.86901
3911.86901
3911.86901
3911.86901
28361.05034
3911.86901
3911.86901
3911.86901
3911.86901
3911.86901
3911.86901
3911.86901
3911.86901
3911.86901
38140.72287
3911.86901
3911.86901
3911.86901
3911.86901
3911.86901
40132.31617
3911.86901
13691.54154
3911.86901
3911.86901
3911.86901
3911.86901
3911.86901
3911.86901
3911.86901
3911.86901
3911.86901
3911.86901
27383.08308
3911.86901
3911.86901
3911.86901
3911.86901
3911.86901
39118.69012
3911.86901
3911.86901
3911.86901
3911.86901
3911.86901
3911.86901
4889.83626
3911.86901
3911.86901
3911.86901
3911.86901
16625.44330
3911.86901
3911.86901
3911.86901
3911.86901
3911.86901
3911.86901
39759.85288
3911.86901
3911.86901
3911.86901
3911.86901
13691.54154
3911.86901
3911.86901
3911.86901
3911.86901
33250.88660
3911.86901
3911.86901
3911.86901
3911.86901
18581.37781
3911.86901
3911.86901
3911.86901
3911.86901
3911.86901
3911.86901
47920.39540
8801.70528
13691.54154
18581.37781
23471.21407
33250.88660
3911.86901
28361.05034
3911.86901
3911.86901
3911.86901
3911.86901
3911.86901
3911.86901
3911.86901
47920.39540
3911.86901
3911.86901
3911.86901
8801.70528
3911.86901
3911.86901
3911.86901
3911.86901
29828.00122
3911.86901
3911.86901
3911.86901
3911.86901
3911.86901
3911.86901
3911.86901
3911.86901
3911.86901
3911.86901
3911.86901
3911.86901
3227.29193
3911.86901
3911.86901
3911.86901
3765.17392
3911.86901
3911.86901
3911.86901
3911.86901
3911.86901
3911.86901
3911.86901
4303.05591
3911.86901
3911.86901
3911.86901
3911.86901
3911.86901
3911.86901
3911.86901
3911.86901
4840.93790
3911.86901
3911.86901
3911.86901
3911.86901
3911.86901
3911.86901
3911.86901
3911.86901
3911.86901
3911.86901
3911.86901
3911.86901
3911.86901
3911.86901
3911.86901
3911.86901
3911.86901
3960.76737
3911.86901
3911.86901
3911.86901
3911.86901
3911.86901
3911.86901
3911.86901
3911.86901
3911.86901
3911.86901
2444.91813
3911.86901
3911.86901
3911.86901
3911.86901
3911.86901
3911.86901
3911.86901
23960.19770
3911.86901
3911.86901
3911.86901
3911.86901
3911.86901
39607.67375
3911.86901
3911.86901
18581.37781
3911.86901
3911.86901
3911.86901
3911.86901
3911.86901
33250.88660
3911.86901
3911.86901
3911.86901
3911.86901
3911.86901
13691.54154
3911.86901
3911.86901
3911.86901
3911.86901
3911.86901
3911.86901
3911.86901
18581.37781
3911.86901
3911.86901
3911.86901
3911.86901
3911.86901
3911.86901
3911.86901
3911.86901
3911.86901
3911.86901
3911.86901
22004.26319
3911.86901
3911.86901
3911.86901
3911.86901
3911.86901
3911.86901
3911.86901
3911.86901
18581.37781
3911.86901
3911.86901
3911.86901
3911.86901
3911.86901
3911.86901
3911.86901
3911.86901
3911.86901
3911.86901
3911.86901
3911.86901
3911.86901
3911.86901
3911.86901
13691.54154
3911.86901
3911.86901
3911.86901
3911.86901
3911.86901
3911.86901
3911.86901
3911.86901
39607.67375
3911.86901
3911.86901
3911.86901
3911.86901
3911.86901
3911.86901
3911.86901
3911.86901
3911.86901
8801.70528
3911.86901
3911.86901
3911.86901
3911.86901
3911.86901
3911.86901
3911.86901
3911.86901
3911.86901
3911.86901
3911.86901
3911.86901
3911.86901
3911.86901
3911.86901
3911.86901
3911.86901
3911.86901
3911.86901
3911.86901
3911.86901
3911.86901
8801.70528
3911.86901
3911.86901
3911.86901
3911.86901
3911.86901
3911.86901
13691.54154
3911.86901
3911.86901
3911.86901
3911.86901
3911.86901
3911.86901
3911.86901
3911.86901
3911.86901
3911.86901
3911.86901
3911.86901
3911.86901
3911.86901
3911.86901
3911.86901
3911.86901
3911.86901
3911.86901
3911.86901
3911.86901
3911.86901
3911.86901
3911.86901
3911.86901
3911.86901
3911.86901
3911.86901
3911.86901
3911.86901
3911.86901
3911.86901
3911.86901
3911.86901
3911.86901
9143.99382
3911.86901
3911.86901
138923.39006
3911.86901
3911.86901
3911.86901
3911.86901
3911.86901
3911.86901
3911.86901
3911.86901
3911.86901
3911.86901
3911.86901
3911.86901
3911.86901
3911.86901
3911.86901
3911.86901
3911.86901
3911.86901
3911.86901
3911.86901
3911.86901
3911.86901
3911.86901
8801.70528
3911.86901
3911.86901
3911.86901
3911.86901
3911.86901
3911.86901
3911.86901
18581.37781
3911.86901
3911.86901
3911.86901
3911.86901
3911.86901
3911.86901
5427.71825
3911.86901
3911.86901
3911.86901
3911.86901
3911.86901
3911.86901
3911.86901
3911.86901
3911.86901
3911.86901
3911.86901
3911.86901
3911.86901
3911.86901
10757.63978
3911.86901
3911.86901
3911.86901
3911.86901
3911.86901
3911.86901
3911.86901
3911.86901
3911.86901
3911.86901
3911.86901
3911.86901
3911.86901
3911.86901
3911.86901
3911.86901
3911.86901
3911.86901
3911.86901
3911.86901
3911.86901
3911.86901
3911.86901
32761.90298
3911.86901
3911.86901
3911.86901
3911.86901
3911.86901
3911.86901
3911.86901
3911.86901
3911.86901
3911.86901
4303.05591
3911.86901
3911.86901
3911.86901
3911.86901
3911.86901
4840.93790
3911.86901
3911.86901
3911.86901
3911.86901
33250.88660
3911.86901
3911.86901
3911.86901
39607.67375
3911.86901
3911.86901
3911.86901
3911.86901
3911.86901
42052.59188
3911.86901
3911.86901
3911.86901
3911.86901
3911.86901
3911.86901
23471.21407
3911.86901
3911.86901
3911.86901
314308.56525
3911.86901
33250.88660
3911.86901
3911.86901
3911.86901
18581.37781
3911.86901
3911.86901
3911.86901
3911.86901
3911.86901
3911.86901
3911.86901
3911.86901
3911.86901
3911.86901
3911.86901
3911.86901
3911.86901
3911.86901
3911.86901
3911.86901
3911.86901
3911.86901
3911.86901
3911.86901
3911.86901
3911.86901
3911.86901
3911.86901
3911.86901
3911.86901
3911.86901
3911.86901
3911.86901
3911.86901
3911.86901
3911.86901
3911.86901
3911.86901
3911.86901
3911.86901
3911.86901
3911.86901
3911.86901
3911.86901
3911.86901
3911.86901
3911.86901
3911.86901
3911.86901
3911.86901
3911.86901
3911.86901
3911.86901
3911.86901
3911.86901
3911.86901
3911.86901
3911.86901
3911.86901
3911.86901
3911.86901
3911.86901
3911.86901
3911.86901
3911.86901
3911.86901
3911.86901
3911.86901
3911.86901
3911.86901
3911.86901
3911.86901
3911.86901
3911.86901
3911.86901
3911.86901
3911.86901
3911.86901
3911.86901
3911.86901
3911.86901
3911.86901
3911.86901
3911.86901
3911.86901
3911.86901
3911.86901
41563.60825
3911.86901
3911.86901
3911.86901
3911.86901
3911.86901
4351.95428
3911.86901
3911.86901
3911.86901
3911.86901
3911.86901
3911.86901
3911.86901
3911.86901
3911.86901
3911.86901
3911.86901
3911.86901
3911.86901
3911.86901
3911.86901
3911.86901
3911.86901
3911.86901
3911.86901
3911.86901
3911.86901
3911.86901
3911.86901
3911.86901
3911.86901
3911.86901
3911.86901
3911.86901
3911.86901
3911.86901
3911.86901
3911.86901
3911.86901
3911.86901
3911.86901
3911.86901
3911.86901
3911.86901
3911.86901
3911.86901
3911.86901
3911.86901
3911.86901
42541.57551
3911.86901
3911.86901
3911.86901
3911.86901
3911.86901
3911.86901
3911.86901
3911.86901
3911.86901
14669.50879
3911.86901
3911.86901
3911.86901
3911.86901
3911.86901
3911.86901
3911.86901
3911.86901
3911.86901
3911.86901
3911.86901
3911.86901
3911.86901
3911.86901
3911.86901
3911.86901
3911.86901
3911.86901
3911.86901
3911.86901
3911.86901
3911.86901
3911.86901
3911.86901
3911.86901
3911.86901
8801.70528
3911.86901
3911.86901
3911.86901
3911.86901
3911.86901
3911.86901
3911.86901
3911.86901
3911.86901
3911.86901
3911.86901
3911.86901
3911.86901
3911.86901
3911.86901
3911.86901
3911.86901
3911.86901
3911.86901
3911.86901
3911.86901
3911.86901
3911.86901
3911.86901
3911.86901
3911.86901
3911.86901
3911.86901
3911.86901
3911.86901
3911.86901
3911.86901
13691.54154
3911.86901
3911.86901
3911.86901
3911.86901
3911.86901
3911.86901
3911.86901
3911.86901
3911.86901
3911.86901
3911.86901
3911.86901
3911.86901
3911.86901
3911.86901
3911.86901
3911.86901
3911.86901
3911.86901
3911.86901
3911.86901
3911.86901
3911.86901
3911.86901
3911.86901
3911.86901
3911.86901
3911.86901
3911.86901
3911.86901
3911.86901
3911.86901
3911.86901
3911.86901
3911.86901
3911.86901
3911.86901
3911.86901
3911.86901
3911.86901
3911.86901
3911.86901
3911.86901
3911.86901
3911.86901
3911.86901
3911.86901
3911.86901
4840.93790
3911.86901
3911.86901
3911.86901
3911.86901
3911.86901
3911.86901
3911.86901
3911.86901
3911.86901
3911.86901
3911.86901
3911.86901
3911.86901
3911.86901
3911.86901
3911.86901
3911.86901
3911.86901
3911.86901
3911.86901
3911.86901
3911.86901
3911.86901
3911.86901
3911.86901
3911.86901
3911.86901
1662.54433
3911.86901
3911.86901
3911.86901
3911.86901
3911.86901
3911.86901
3911.86901
3911.86901
3911.86901
3911.86901
3911.86901
3911.86901
3911.86901
3911.86901
3911.86901
3911.86901
3911.86901
3911.86901
3911.86901
3911.86901
3911.86901
3911.86901
3911.86901
3911.86901
3911.86901
3911.86901
3911.86901
3911.86901
3911.86901
3911.86901
3911.86901
3911.86901
3911.86901
3911.86901
3911.86901
3911.86901
3422.88539
3911.86901
3911.86901
3911.86901
3911.86901
3911.86901
3911.86901
3911.86901
3911.86901
3911.86901
3911.86901
3911.86901
3911.86901
3911.86901
3911.86901
3911.86901
3911.86901
3911.86901
3911.86901
3911.86901
3911.86901
3911.86901
3911.86901
3911.86901
3911.86901
3911.86901
3911.86901
3911.86901
3911.86901
3911.86901
3911.86901
3911.86901
3911.86901
4400.85264
3911.86901
3911.86901
3911.86901
3911.86901
3911.86901
3911.86901
3422.88539
3911.86901
3911.86901
3911.86901
3911.86901
3911.86901
3911.86901
3911.86901
3911.86901
3911.86901
2933.90176
3911.86901
3911.86901
3911.86901
3911.86901
3911.86901
3911.86901
3911.86901
3911.86901
3911.86901
3911.86901
3911.86901
3911.86901
3911.86901
3911.86901
3911.86901
3911.86901
3911.86901
3911.86901
3911.86901
3911.86901
3911.86901
3911.86901
3911.86901
3911.86901
3911.86901
3911.86901
3911.86901
3911.86901
3911.86901
3911.86901
3911.86901
3911.86901
3911.86901
3911.86901
3911.86901
3911.86901
3911.86901
3911.86901
3911.86901
3911.86901
3911.86901
3911.86901
3911.86901
3911.86901
3911.86901
3911.86901
3911.86901
3911.86901
3911.86901
3911.86901
3911.86901
3911.86901
3911.86901
3911.86901
3911.86901
3911.86901
3911.86901
3911.86901
3911.86901
3911.86901
3911.86901
3911.86901
3911.86901
3911.86901
3911.86901
3911.86901
3911.86901
3911.86901
3911.86901
3911.86901
3911.86901
3911.86901
3911.86901
3911.86901
3911.86901
3911.86901
3911.86901
3911.86901
23471.21407
3911.86901
3911.86901
3911.86901
3911.86901
3911.86901
3911.86901
3911.86901
3911.86901
3911.86901
3911.86901
3911.86901
3911.86901
3911.86901
3911.86901
3911.86901
3911.86901
3911.86901
3911.86901
3911.86901
3911.86901
3911.86901
3911.86901
3911.86901
3911.86901
3911.86901
3911.86901
39118.69012
3911.86901
3911.86901
3911.86901
3911.86901
3911.86901
3911.86901
3911.86901
3911.86901
3911.86901
3422.88539
3911.86901
3911.86901
3911.86901
3911.86901
3911.86901
3911.86901
3911.86901
3911.86901
3911.86901
3911.86901
3911.86901
3911.86901
3911.86901
3911.86901
3911.86901
3911.86901
3911.86901
3911.86901
3911.86901
3911.86901
3911.86901
3911.86901
3911.86901
3911.86901
3911.86901
3911.86901
3911.86901
3911.86901
3911.86901
3911.86901
3911.86901
3911.86901
3911.86901
3911.86901
3911.86901
3911.86901
3911.86901
3911.86901
3911.86901
3911.86901
3911.86901
3911.86901
3911.86901
3911.86901
3911.86901
3911.86901
3911.86901
3911.86901
3911.86901
3911.86901
3911.86901
33250.88660
3911.86901
3911.86901
3911.86901
3911.86901
3911.86901
3911.86901
3911.86901
3911.86901
3911.86901
3911.86901
3325.08866
3911.86901
3911.86901
3911.86901
3911.86901
3911.86901
3911.86901
3911.86901
3911.86901
3911.86901
3911.86901
3911.86901
3911.86901
3911.86901
3911.86901
3911.86901
3911.86901
3911.86901
3911.86901
3911.86901
3911.86901
3911.86901
3911.86901
3911.86901
3911.86901
3911.86901
3911.86901
3911.86901
3911.86901
3911.86901
3911.86901
3911.86901
3911.86901
3911.86901
3911.86901
3911.86901
13691.54154
3911.86901
3911.86901
3911.86901
3911.86901
3911.86901
3911.86901
3911.86901
3911.86901
3911.86901
5780.38741
3911.86901
201975.70567
3911.86901
334337.04311
3911.86901
28361.05034
