693546088 0.61898 500 60 0.48536 0.30500 0.97000 0.50000 0.25000
693546090 0.62518 500 60 0.48536 0.30500 0.97000 0.50000 0.25000
472851992 5.90680 500 60 0.48536 0.30500 0.97000 0.50000 0.25000
472851993 0.00904 500 60 0.48536 0.30500 0.97000 0.50000 0.25000
472851994 0.00816 500 60 0.48536 0.30500 0.97000 0.50000 0.25000
472851995 4.85406 500 60 0.48536 0.30500 0.97000 0.50000 0.25000
472853348 0.24174 500 60 0.48536 0.30500 0.97000 0.50000 0.25000
472853349 0.00966 500 60 0.48536 0.30500 0.97000 0.50000 0.25000
472853350 0.00821 500 60 0.48536 0.30500 0.97000 0.50000 0.25000
472853351 0.24958 500 60 0.48536 0.30500 0.97000 0.50000 0.25000
474601512 0.30864 500 60 0.48536 0.30500 0.97000 0.50000 0.25000
509420611 0.03123 500 60 0.48536 0.30500 0.97000 0.50000 0.25000
509420612 0.03123 500 60 0.48536 0.30500 0.97000 0.50000 0.25000
509420615 2.51658 500 60 0.48536 0.30500 0.97000 0.50000 0.25000
510239268 0.98924 500 60 0.48536 0.30500 0.97000 0.50000 0.25000
510252770 0.51000 500 60 0.48536 0.30500 0.97000 0.50000 0.25000
510252772 0.50815 500 60 0.48536 0.30500 0.97000 0.50000 0.25000
510252773 0.01807 500 60 0.48536 0.30500 0.97000 0.50000 0.25000
510252774 0.48512 500 60 0.48536 0.30500 0.97000 0.50000 0.25000
510558820 0.02822 500 60 0.48536 0.30500 0.97000 0.50000 0.25000
510558826 0.02514 500 60 0.48536 0.30500 0.97000 0.50000 0.25000
509419273 0.29425 500 60 0.48536 0.30500 0.97000 0.50000 0.25000
509419274 18.11834 500 60 0.48536 0.30500 0.97000 0.50000 0.25000
509419277 0.99318 500 60 0.48536 0.30500 0.97000 0.50000 0.25000
509419278 3.16337 500 60 0.48536 0.30500 0.97000 0.50000 0.25000
509420606 0.05379 500 60 0.48536 0.30500 0.97000 0.50000 0.25000
509420608 0.15609 500 60 0.48536 0.30500 0.97000 0.50000 0.25000
509420610 2.52049 500 60 0.48536 0.30500 0.97000 0.50000 0.25000
511032954 1.79667 500 60 0.48536 0.30500 0.97000 0.50000 0.25000
512172784 0.19119 500 60 0.48536 0.30500 0.97000 0.50000 0.25000
514047209 12.23781 500 60 0.48536 0.30500 0.97000 0.50000 0.25000
515537580 0.31542 500 60 0.48536 0.30500 0.97000 0.50000 0.25000
528009860 0.21511 500 60 0.48536 0.30500 0.97000 0.50000 0.25000
560546952 2.45626 500 60 0.48536 0.30500 0.97000 0.50000 0.25000
560546967 0.34857 500 60 0.48536 0.30500 0.97000 0.50000 0.25000
560546968 0.55520 500 60 0.48536 0.30500 0.97000 0.50000 0.25000
560546971 0.34942 500 60 0.48536 0.30500 0.97000 0.50000 0.25000
560546972 0.88180 500 60 0.48536 0.30500 0.97000 0.50000 0.25000
561345004 3.39726 500 60 0.48536 0.30500 0.97000 0.50000 0.25000
564512169 0.01541 500 60 0.48536 0.30500 0.97000 0.50000 0.25000
564512174 2.05953 500 60 0.48536 0.30500 0.97000 0.50000 0.25000
564512178 2.06933 500 60 0.48536 0.30500 0.97000 0.50000 0.25000
564512182 0.01621 500 60 0.48536 0.30500 0.97000 0.50000 0.25000
557697176 1.59469 500 60 0.48536 0.30500 0.97000 0.50000 0.25000
557702401 0.02280 500 60 0.48536 0.30500 0.97000 0.50000 0.25000
557702402 0.02186 500 60 0.48536 0.30500 0.97000 0.50000 0.25000
558033580 12.15866 500 60 0.48536 0.30500 0.97000 0.50000 0.25000
558033589 12.18432 500 60 0.48536 0.30500 0.97000 0.50000 0.25000
557697175 1.61632 500 60 0.48536 0.30500 0.97000 0.50000 0.25000
570897283 0.01211 500 60 0.48536 0.30500 0.97000 0.50000 0.25000
570897284 0.55982 500 60 0.48536 0.30500 0.97000 0.50000 0.25000
570897285 0.01327 500 60 0.48536 0.30500 0.97000 0.50000 0.25000
570897286 0.56072 500 60 0.48536 0.30500 0.97000 0.50000 0.25000
570899221 0.01620 500 60 0.48536 0.30500 0.97000 0.50000 0.25000
570899222 0.71615 500 60 0.48536 0.30500 0.97000 0.50000 0.25000
570899223 0.01607 500 60 0.48536 0.30500 0.97000 0.50000 0.25000
570899224 0.84537 500 60 0.48536 0.30500 0.97000 0.50000 0.25000
452920645 0.01908 500 60 0.48536 0.30500 0.97000 0.50000 0.25000
452920646 2.59558 500 60 0.48536 0.30500 0.97000 0.50000 0.25000
452920647 0.03018 500 60 0.48536 0.30500 0.97000 0.50000 0.25000
452920649 0.01915 500 60 0.48536 0.30500 0.97000 0.50000 0.25000
220332219 1.59837 500 60 0.48536 0.30500 0.97000 0.50000 0.25000
220332246 0.02650 500 60 0.48536 0.30500 0.97000 0.50000 0.25000
220332247 0.02688 500 60 0.48536 0.30500 0.97000 0.50000 0.25000
220332236 0.87338 500 60 0.48536 0.30500 0.97000 0.50000 0.25000
227125216 0.13533 500 60 0.48536 0.30500 0.97000 0.50000 0.25000
227125219 0.05094 500 60 0.48536 0.30500 0.97000 0.50000 0.25000
227125225 15.12533 500 60 0.48536 0.30500 0.97000 0.50000 0.25000
227125228 0.05184 500 60 0.48536 0.30500 0.97000 0.50000 0.25000
228504525 15.12664 500 60 0.48536 0.30500 0.97000 0.50000 0.25000
228504527 0.02921 500 60 0.48536 0.30500 0.97000 0.50000 0.25000
228504530 12.22956 500 60 0.48536 0.30500 0.97000 0.50000 0.25000
228504533 0.03172 500 60 0.48536 0.30500 0.97000 0.50000 0.25000
221871381 2.19472 500 60 0.48536 0.30500 0.97000 0.50000 0.25000
221871382 0.69394 500 60 0.48536 0.30500 0.97000 0.50000 0.25000
221871383 0.09632 500 60 0.48536 0.30500 0.97000 0.50000 0.25000
221871388 0.09848 500 60 0.48536 0.30500 0.97000 0.50000 0.25000
231756295 0.72500 500 60 0.48536 0.30500 0.97000 0.50000 0.25000
231756298 0.03241 500 60 0.48536 0.30500 0.97000 0.50000 0.25000
231756306 0.14102 500 60 0.48536 0.30500 0.97000 0.50000 0.25000
231756310 0.03241 500 60 0.48536 0.30500 0.97000 0.50000 0.25000
246737843 28.07249 500 60 0.48536 0.30500 0.97000 0.50000 0.25000
245995832 1.17291 500 60 0.48536 0.30500 0.97000 0.50000 0.25000
262987556 9.95224 500 60 0.48536 0.30500 0.97000 0.50000 0.25000
262989092 14.01273 500 60 0.48536 0.30500 0.97000 0.50000 0.25000
262989093 0.01279 500 60 0.48536 0.30500 0.97000 0.50000 0.25000
262989094 0.01279 500 60 0.48536 0.30500 0.97000 0.50000 0.25000
262989095 4.56637 500 60 0.48536 0.30500 0.97000 0.50000 0.25000
262989908 4.68848 500 60 0.48536 0.30500 0.97000 0.50000 0.25000
264916640 0.47866 500 60 0.48536 0.30500 0.97000 0.50000 0.25000
264916641 0.09308 500 60 0.48536 0.30500 0.97000 0.50000 0.25000
264916642 0.60269 500 60 0.48536 0.30500 0.97000 0.50000 0.25000
264916643 0.34005 500 60 0.48536 0.30500 0.97000 0.50000 0.25000
264916644 0.20273 500 60 0.48536 0.30500 0.97000 0.50000 0.25000
267630613 46.05022 500 60 0.48536 0.30500 0.97000 0.50000 0.25000
267630614 14.10921 500 60 0.48536 0.30500 0.97000 0.50000 0.25000
267630615 0.16140 500 60 0.48536 0.30500 0.97000 0.50000 0.25000
267630616 0.16306 500 60 0.48536 0.30500 0.97000 0.50000 0.25000
277461085 0.03341 500 60 0.48536 0.30500 0.97000 0.50000 0.25000
277461086 0.02432 500 60 0.48536 0.30500 0.97000 0.50000 0.25000
277461087 0.13652 500 60 0.48536 0.30500 0.97000 0.50000 0.25000
277461088 4.83685 500 60 0.48536 0.30500 0.97000 0.50000 0.25000
279848224 0.03729 500 60 0.48536 0.30500 0.97000 0.50000 0.25000
279848226 0.06407 500 60 0.48536 0.30500 0.97000 0.50000 0.25000
325743455 0.24728 500 60 0.48536 0.30500 0.97000 0.50000 0.25000
358178480 0.31730 500 60 0.48536 0.30500 0.97000 0.50000 0.25000
285895936 0.04366 500 60 0.48536 0.30500 0.97000 0.50000 0.25000
285895937 0.10536 500 60 0.48536 0.30500 0.97000 0.50000 0.25000
285895938 0.03140 500 60 0.48536 0.30500 0.97000 0.50000 0.25000
285895939 0.08122 500 60 0.48536 0.30500 0.97000 0.50000 0.25000
285895940 0.05517 500 60 0.48536 0.30500 0.97000 0.50000 0.25000
285895941 0.20645 500 60 0.48536 0.30500 0.97000 0.50000 0.25000
285895942 0.26741 500 60 0.48536 0.30500 0.97000 0.50000 0.25000
285895943 0.15231 500 60 0.48536 0.30500 0.97000 0.50000 0.25000
285895944 0.30536 500 60 0.48536 0.30500 0.97000 0.50000 0.25000
285895945 0.08667 500 60 0.48536 0.30500 0.97000 0.50000 0.25000
285895946 0.07904 500 60 0.48536 0.30500 0.97000 0.50000 0.25000
285895947 0.31553 500 60 0.48536 0.30500 0.97000 0.50000 0.25000
285895948 1.37809 500 60 0.48536 0.30500 0.97000 0.50000 0.25000
285895949 0.24087 500 60 0.48536 0.30500 0.97000 0.50000 0.25000
285895950 0.22655 500 60 0.48536 0.30500 0.97000 0.50000 0.25000
285895951 0.55791 500 60 0.48536 0.30500 0.97000 0.50000 0.25000
285895931 0.46273 500 60 0.48536 0.30500 0.97000 0.50000 0.25000
285895932 0.73229 500 60 0.48536 0.30500 0.97000 0.50000 0.25000
285895933 0.15504 500 60 0.48536 0.30500 0.97000 0.50000 0.25000
285895934 0.05912 500 60 0.48536 0.30500 0.97000 0.50000 0.25000
285895935 0.02713 500 60 0.48536 0.30500 0.97000 0.50000 0.25000
287135742 0.14276 500 60 0.48536 0.30500 0.97000 0.50000 0.25000
287135746 0.48337 500 60 0.48536 0.30500 0.97000 0.50000 0.25000
285895952 0.41504 500 60 0.48536 0.30500 0.97000 0.50000 0.25000
285895953 0.16296 500 60 0.48536 0.30500 0.97000 0.50000 0.25000
289752747 0.11924 500 60 0.48536 0.30500 0.97000 0.50000 0.25000
289752749 0.25137 500 60 0.48536 0.30500 0.97000 0.50000 0.25000
289752751 0.26182 500 60 0.48536 0.30500 0.97000 0.50000 0.25000
289752752 0.07749 500 60 0.48536 0.30500 0.97000 0.50000 0.25000
289752754 0.43616 500 60 0.48536 0.30500 0.97000 0.50000 0.25000
289752756 0.13143 500 60 0.48536 0.30500 0.97000 0.50000 0.25000
289757385 0.20247 500 60 0.48536 0.30500 0.97000 0.50000 0.25000
289757386 0.18361 500 60 0.48536 0.30500 0.97000 0.50000 0.25000
289757387 0.11123 500 60 0.48536 0.30500 0.97000 0.50000 0.25000
289757388 0.02094 500 60 0.48536 0.30500 0.97000 0.50000 0.25000
289925171 0.20281 500 60 0.48536 0.30500 0.97000 0.50000 0.25000
289925174 0.91838 500 60 0.48536 0.30500 0.97000 0.50000 0.25000
289925185 0.05682 500 60 0.48536 0.30500 0.97000 0.50000 0.25000
289925188 0.09159 500 60 0.48536 0.30500 0.97000 0.50000 0.25000
289925190 0.15851 500 60 0.48536 0.30500 0.97000 0.50000 0.25000
289925192 0.17829 500 60 0.48536 0.30500 0.97000 0.50000 0.25000
287145104 1.02524 500 60 0.48536 0.30500 0.97000 0.50000 0.25000
287145107 0.06947 500 60 0.48536 0.30500 0.97000 0.50000 0.25000
287145108 0.21727 500 60 0.48536 0.30500 0.97000 0.50000 0.25000
288085508 0.51299 500 60 0.48536 0.30500 0.97000 0.50000 0.25000
288085511 0.35106 500 60 0.48536 0.30500 0.97000 0.50000 0.25000
289752744 0.15058 500 60 0.48536 0.30500 0.97000 0.50000 0.25000
289925202 0.10281 500 60 0.48536 0.30500 0.97000 0.50000 0.25000
289925203 0.16974 500 60 0.48536 0.30500 0.97000 0.50000 0.25000
292716851 5.79130 500 60 0.48536 0.30500 0.97000 0.50000 0.25000
292716852 24.60540 500 60 0.48536 0.30500 0.97000 0.50000 0.25000
292716853 1.11300 500 60 0.48536 0.30500 0.97000 0.50000 0.25000
292869286 1.15653 500 60 0.48536 0.30500 0.97000 0.50000 0.25000
292869287 1.77210 500 60 0.48536 0.30500 0.97000 0.50000 0.25000
292869288 0.31567 500 60 0.48536 0.30500 0.97000 0.50000 0.25000
293176129 1.26318 500 60 0.48536 0.30500 0.97000 0.50000 0.25000
293176130 1.26417 500 60 0.48536 0.30500 0.97000 0.50000 0.25000
293176131 24.62583 500 60 0.48536 0.30500 0.97000 0.50000 0.25000
293842905 5.38593 500 60 0.48536 0.30500 0.97000 0.50000 0.25000
293842911 13.52924 500 60 0.48536 0.30500 0.97000 0.50000 0.25000
292716854 1.15795 500 60 0.48536 0.30500 0.97000 0.50000 0.25000
292716855 13.58820 500 60 0.48536 0.30500 0.97000 0.50000 0.25000
292716856 5.69923 500 60 0.48536 0.30500 0.97000 0.50000 0.25000
292716857 17.45115 500 60 0.48536 0.30500 0.97000 0.50000 0.25000
292869285 0.31519 500 60 0.48536 0.30500 0.97000 0.50000 0.25000
392107690 0.01650 500 60 0.48536 0.30500 0.97000 0.50000 0.25000
392113158 0.22313 500 60 0.48536 0.30500 0.97000 0.50000 0.25000
392113159 0.01432 500 60 0.48536 0.30500 0.97000 0.50000 0.25000
392113160 0.22488 500 60 0.48536 0.30500 0.97000 0.50000 0.25000
392113161 0.30347 500 60 0.48536 0.30500 0.97000 0.50000 0.25000
392113162 0.01281 500 60 0.48536 0.30500 0.97000 0.50000 0.25000
392113163 0.34190 500 60 0.48536 0.30500 0.97000 0.50000 0.25000
392113164 0.32363 500 60 0.48536 0.30500 0.97000 0.50000 0.25000
392113165 0.48037 500 60 0.48536 0.30500 0.97000 0.50000 0.25000
392144487 5.17576 500 60 0.48536 0.30500 0.97000 0.50000 0.25000
392144488 0.25881 500 60 0.48536 0.30500 0.97000 0.50000 0.25000
392144489 5.91338 500 60 0.48536 0.30500 0.97000 0.50000 0.25000
392144490 0.21197 500 60 0.48536 0.30500 0.97000 0.50000 0.25000
392173645 0.03891 500 60 0.48536 0.30500 0.97000 0.50000 0.25000
392173646 0.23022 500 60 0.48536 0.30500 0.97000 0.50000 0.25000
392173647 0.26362 500 60 0.48536 0.30500 0.97000 0.50000 0.25000
390798095 0.01343 500 60 0.48536 0.30500 0.97000 0.50000 0.25000
390798096 9.95831 500 60 0.48536 0.30500 0.97000 0.50000 0.25000
390798097 0.96035 500 60 0.48536 0.30500 0.97000 0.50000 0.25000
390798098 0.01344 500 60 0.48536 0.30500 0.97000 0.50000 0.25000
392107683 3.93245 500 60 0.48536 0.30500 0.97000 0.50000 0.25000
392107684 0.19388 500 60 0.48536 0.30500 0.97000 0.50000 0.25000
392107685 2.90306 500 60 0.48536 0.30500 0.97000 0.50000 0.25000
392107686 0.01678 500 60 0.48536 0.30500 0.97000 0.50000 0.25000
392107687 0.20174 500 60 0.48536 0.30500 0.97000 0.50000 0.25000
392107688 0.28881 500 60 0.48536 0.30500 0.97000 0.50000 0.25000
392107689 0.35884 500 60 0.48536 0.30500 0.97000 0.50000 0.25000
392235863 7.40765 500 60 0.48536 0.30500 0.97000 0.50000 0.25000
392247844 0.19992 500 60 0.48536 0.30500 0.97000 0.50000 0.25000
392247845 0.18060 500 60 0.48536 0.30500 0.97000 0.50000 0.25000
392247846 10.93116 500 60 0.48536 0.30500 0.97000 0.50000 0.25000
392247847 10.25227 500 60 0.48536 0.30500 0.97000 0.50000 0.25000
392309196 5.08475 500 60 0.48536 0.30500 0.97000 0.50000 0.25000
392309197 0.06131 500 60 0.48536 0.30500 0.97000 0.50000 0.25000
392309198 0.13610 500 60 0.48536 0.30500 0.97000 0.50000 0.25000
392309199 8.69989 500 60 0.48536 0.30500 0.97000 0.50000 0.25000
392316571 0.12527 500 60 0.48536 0.30500 0.97000 0.50000 0.25000
392316574 0.17208 500 60 0.48536 0.30500 0.97000 0.50000 0.25000
392316576 0.00857 500 60 0.48536 0.30500 0.97000 0.50000 0.25000
392316579 0.00945 500 60 0.48536 0.30500 0.97000 0.50000 0.25000
392332309 0.19917 500 60 0.48536 0.30500 0.97000 0.50000 0.25000
392332310 0.09886 500 60 0.48536 0.30500 0.97000 0.50000 0.25000
392332311 5.12989 500 60 0.48536 0.30500 0.97000 0.50000 0.25000
392173648 0.28053 500 60 0.48536 0.30500 0.97000 0.50000 0.25000
392178146 0.00501 500 60 0.48536 0.30500 0.97000 0.50000 0.25000
392178147 0.23037 500 60 0.48536 0.30500 0.97000 0.50000 0.25000
392178148 0.00450 500 60 0.48536 0.30500 0.97000 0.50000 0.25000
392178149 0.23000 500 60 0.48536 0.30500 0.97000 0.50000 0.25000
392178150 4.27279 500 60 0.48536 0.30500 0.97000 0.50000 0.25000
392178153 4.45690 500 60 0.48536 0.30500 0.97000 0.50000 0.25000
392178155 0.98330 500 60 0.48536 0.30500 0.97000 0.50000 0.25000
392178156 1.41235 500 60 0.48536 0.30500 0.97000 0.50000 0.25000
392233432 0.14652 500 60 0.48536 0.30500 0.97000 0.50000 0.25000
392233433 0.18410 500 60 0.48536 0.30500 0.97000 0.50000 0.25000
392233434 10.85222 500 60 0.48536 0.30500 0.97000 0.50000 0.25000
392233435 10.04797 500 60 0.48536 0.30500 0.97000 0.50000 0.25000
392235860 0.08974 500 60 0.48536 0.30500 0.97000 0.50000 0.25000
392235861 0.24139 500 60 0.48536 0.30500 0.97000 0.50000 0.25000
392235862 6.65987 500 60 0.48536 0.30500 0.97000 0.50000 0.25000
392445509 0.23284 500 60 0.48536 0.30500 0.97000 0.50000 0.25000
392445510 0.44765 500 60 0.48536 0.30500 0.97000 0.50000 0.25000
392445511 0.40646 500 60 0.48536 0.30500 0.97000 0.50000 0.25000
392482030 0.34002 500 60 0.48536 0.30500 0.97000 0.50000 0.25000
392482031 0.05216 500 60 0.48536 0.30500 0.97000 0.50000 0.25000
392482032 0.57188 500 60 0.48536 0.30500 0.97000 0.50000 0.25000
392332312 5.11608 500 60 0.48536 0.30500 0.97000 0.50000 0.25000
392332313 0.53587 500 60 0.48536 0.30500 0.97000 0.50000 0.25000
392332314 1.64895 500 60 0.48536 0.30500 0.97000 0.50000 0.25000
392375091 0.25283 500 60 0.48536 0.30500 0.97000 0.50000 0.25000
392375096 0.25897 500 60 0.48536 0.30500 0.97000 0.50000 0.25000
392375100 8.29870 500 60 0.48536 0.30500 0.97000 0.50000 0.25000
392375108 7.63612 500 60 0.48536 0.30500 0.97000 0.50000 0.25000
392378346 0.17179 500 60 0.48536 0.30500 0.97000 0.50000 0.25000
392378347 0.25769 500 60 0.48536 0.30500 0.97000 0.50000 0.25000
392378348 16.61587 500 60 0.48536 0.30500 0.97000 0.50000 0.25000
392378349 11.14904 500 60 0.48536 0.30500 0.97000 0.50000 0.25000
392445494 0.24989 500 60 0.48536 0.30500 0.97000 0.50000 0.25000
392445495 0.00761 500 60 0.48536 0.30500 0.97000 0.50000 0.25000
392445496 0.00905 500 60 0.48536 0.30500 0.97000 0.50000 0.25000
392445497 1.34053 500 60 0.48536 0.30500 0.97000 0.50000 0.25000
392445501 2.02465 500 60 0.48536 0.30500 0.97000 0.50000 0.25000
393067884 0.30329 500 60 0.48536 0.30500 0.97000 0.50000 0.25000
396589539 0.18540 500 60 0.48536 0.30500 0.97000 0.50000 0.25000
396589541 0.05301 500 60 0.48536 0.30500 0.97000 0.50000 0.25000
396589542 0.45712 500 60 0.48536 0.30500 0.97000 0.50000 0.25000
396602882 0.14408 500 60 0.48536 0.30500 0.97000 0.50000 0.25000
398576795 0.24959 500 60 0.48536 0.30500 0.97000 0.50000 0.25000
398576801 0.12326 500 60 0.48536 0.30500 0.97000 0.50000 0.25000
371283112 4.38584 500 60 0.48536 0.30500 0.97000 0.50000 0.25000
406389638 0.47984 500 60 0.48536 0.30500 0.97000 0.50000 0.25000
406389639 0.64223 500 60 0.48536 0.30500 0.97000 0.50000 0.25000
406389640 0.19415 500 60 0.48536 0.30500 0.97000 0.50000 0.25000
406389641 0.36641 500 60 0.48536 0.30500 0.97000 0.50000 0.25000
406389642 0.26795 500 60 0.48536 0.30500 0.97000 0.50000 0.25000
406389643 0.88158 500 60 0.48536 0.30500 0.97000 0.50000 0.25000
406389644 0.76643 500 60 0.48536 0.30500 0.97000 0.50000 0.25000
406389645 0.16400 500 60 0.48536 0.30500 0.97000 0.50000 0.25000
406389646 0.84414 500 60 0.48536 0.30500 0.97000 0.50000 0.25000
406389647 0.41389 500 60 0.48536 0.30500 0.97000 0.50000 0.25000
406389648 3.31630 500 60 0.48536 0.30500 0.97000 0.50000 0.25000
406389649 1.02452 500 60 0.48536 0.30500 0.97000 0.50000 0.25000
406389650 0.22574 500 60 0.48536 0.30500 0.97000 0.50000 0.25000
406389651 0.93309 500 60 0.48536 0.30500 0.97000 0.50000 0.25000
406389652 0.52960 500 60 0.48536 0.30500 0.97000 0.50000 0.25000
406407534 0.21099 500 60 0.48536 0.30500 0.97000 0.50000 0.25000
406389626 0.43446 500 60 0.48536 0.30500 0.97000 0.50000 0.25000
406389627 2.98601 500 60 0.48536 0.30500 0.97000 0.50000 0.25000
406389628 0.03426 500 60 0.48536 0.30500 0.97000 0.50000 0.25000
406389629 0.13844 500 60 0.48536 0.30500 0.97000 0.50000 0.25000
406389630 0.02571 500 60 0.48536 0.30500 0.97000 0.50000 0.25000
406389631 0.59243 500 60 0.48536 0.30500 0.97000 0.50000 0.25000
406389632 0.03426 500 60 0.48536 0.30500 0.97000 0.50000 0.25000
406389633 0.02755 500 60 0.48536 0.30500 0.97000 0.50000 0.25000
406389634 0.09530 500 60 0.48536 0.30500 0.97000 0.50000 0.25000
406389635 0.11637 500 60 0.48536 0.30500 0.97000 0.50000 0.25000
406389636 1.84514 500 60 0.48536 0.30500 0.97000 0.50000 0.25000
406389637 4.61197 500 60 0.48536 0.30500 0.97000 0.50000 0.25000
406407535 0.42473 500 60 0.48536 0.30500 0.97000 0.50000 0.25000
406407537 0.36658 500 60 0.48536 0.30500 0.97000 0.50000 0.25000
406407538 0.49470 500 60 0.48536 0.30500 0.97000 0.50000 0.25000
406407540 0.66937 500 60 0.48536 0.30500 0.97000 0.50000 0.25000
406407541 0.46845 500 60 0.48536 0.30500 0.97000 0.50000 0.25000
406407543 0.60976 500 60 0.48536 0.30500 0.97000 0.50000 0.25000
406407544 0.63497 500 60 0.48536 0.30500 0.97000 0.50000 0.25000
406407546 0.71490 500 60 0.48536 0.30500 0.97000 0.50000 0.25000
419687736 0.02005 500 60 0.48536 0.30500 0.97000 0.50000 0.25000
419687739 2.78146 500 60 0.48536 0.30500 0.97000 0.50000 0.25000
419687740 0.02020 500 60 0.48536 0.30500 0.97000 0.50000 0.25000
419687741 1.84317 500 60 0.48536 0.30500 0.97000 0.50000 0.25000
419690754 0.39676 500 60 0.48536 0.30500 0.97000 0.50000 0.25000
419690757 2.54191 500 60 0.48536 0.30500 0.97000 0.50000 0.25000
420267918 0.10804 500 60 0.48536 0.30500 0.97000 0.50000 0.25000
420267919 0.03457 500 60 0.48536 0.30500 0.97000 0.50000 0.25000
420273501 0.05258 500 60 0.48536 0.30500 0.97000 0.50000 0.25000
420273502 0.35218 500 60 0.48536 0.30500 0.97000 0.50000 0.25000
420273503 5.79999 500 60 0.48536 0.30500 0.97000 0.50000 0.25000
40649950 0.05891 500 60 0.48536 0.30500 0.97000 0.50000 0.25000
40649972 0.06997 500 60 0.48536 0.30500 0.97000 0.50000 0.25000
40649987 0.06812 500 60 0.48536 0.30500 0.97000 0.50000 0.25000
88683362 0.11745 500 60 0.48536 0.30500 0.97000 0.50000 0.25000
89929130 0.54501 500 60 0.48536 0.30500 0.97000 0.50000 0.25000
88683341 2.18266 500 60 0.48536 0.30500 0.97000 0.50000 0.25000
88683342 0.11604 500 60 0.48536 0.30500 0.97000 0.50000 0.25000
5133247 1.51780 500 60 0.48536 0.30500 0.97000 0.50000 0.25000
5150133 0.47704 500 60 0.48536 0.30500 0.97000 0.50000 0.25000
5150272 0.27841 500 60 0.48536 0.30500 0.97000 0.50000 0.25000
8474550 0.06923 500 60 0.48536 0.30500 0.97000 0.50000 0.25000
8064804 0.58059 500 60 0.48536 0.30500 0.97000 0.50000 0.25000
8064810 0.14278 500 60 0.48536 0.30500 0.97000 0.50000 0.25000
8564555 0.55465 500 60 0.48536 0.30500 0.97000 0.50000 0.25000
10561240 3.49992 500 60 0.48536 0.30500 0.97000 0.50000 0.25000
10561241 0.68928 500 60 0.48536 0.30500 0.97000 0.50000 0.25000
11102633 3.52921 500 60 0.48536 0.30500 0.97000 0.50000 0.25000
16369687 0.71124 500 60 0.48536 0.30500 0.97000 0.50000 0.25000
16369732 1.50798 500 60 0.48536 0.30500 0.97000 0.50000 0.25000
17505890 0.20007 500 60 0.48536 0.30500 0.97000 0.50000 0.25000
17505891 2.19550 500 60 0.48536 0.30500 0.97000 0.50000 0.25000
22726605 0.55505 500 60 0.48536 0.30500 0.97000 0.50000 0.25000
22776780 0.21392 500 60 0.48536 0.30500 0.97000 0.50000 0.25000
22776781 0.06314 500 60 0.48536 0.30500 0.97000 0.50000 0.25000
22776784 0.06314 500 60 0.48536 0.30500 0.97000 0.50000 0.25000
22777092 0.25338 500 60 0.48536 0.30500 0.97000 0.50000 0.25000
22777093 0.06203 500 60 0.48536 0.30500 0.97000 0.50000 0.25000
22777204 0.32030 500 60 0.48536 0.30500 0.97000 0.50000 0.25000
25115329 4.43807 500 60 0.48536 0.30500 0.97000 0.50000 0.25000
26234520 2.10569 500 60 0.48536 0.30500 0.97000 0.50000 0.25000
30044009 5.68975 500 60 0.48536 0.30500 0.97000 0.50000 0.25000
30044012 6.56253 500 60 0.48536 0.30500 0.97000 0.50000 0.25000
30045046 6.58498 500 60 0.48536 0.30500 0.97000 0.50000 0.25000
30045318 0.07339 500 60 0.48536 0.30500 0.97000 0.50000 0.25000
30045325 8.80000 500 60 0.48536 0.30500 0.97000 0.50000 0.25000
30045355 0.06843 500 60 0.48536 0.30500 0.97000 0.50000 0.25000
30045406 3.61998 500 60 0.48536 0.30500 0.97000 0.50000 0.25000
30045407 0.03011 500 60 0.48536 0.30500 0.97000 0.50000 0.25000
30045408 0.10339 500 60 0.48536 0.30500 0.97000 0.50000 0.25000
30045409 0.03607 500 60 0.48536 0.30500 0.97000 0.50000 0.25000
30045435 0.03462 500 60 0.48536 0.30500 0.97000 0.50000 0.25000
27294284 4.55175 500 60 0.48536 0.30500 0.97000 0.50000 0.25000
27811356 0.04673 500 60 0.48536 0.30500 0.97000 0.50000 0.25000
30025980 0.39710 500 60 0.48536 0.30500 0.97000 0.50000 0.25000
30602839 0.02901 500 60 0.48536 0.30500 0.97000 0.50000 0.25000
30604213 0.55314 500 60 0.48536 0.30500 0.97000 0.50000 0.25000
30604215 0.32258 500 60 0.48536 0.30500 0.97000 0.50000 0.25000
30613134 0.27801 500 60 0.48536 0.30500 0.97000 0.50000 0.25000
30613350 0.01376 500 60 0.48536 0.30500 0.97000 0.50000 0.25000
30613351 0.34821 500 60 0.48536 0.30500 0.97000 0.50000 0.25000
30613352 0.01629 500 60 0.48536 0.30500 0.97000 0.50000 0.25000
30045436 0.09661 500 60 0.48536 0.30500 0.97000 0.50000 0.25000
30045437 0.03694 500 60 0.48536 0.30500 0.97000 0.50000 0.25000
30045542 0.05491 500 60 0.48536 0.30500 0.97000 0.50000 0.25000
30045543 4.83618 500 60 0.48536 0.30500 0.97000 0.50000 0.25000
30045545 0.06295 500 60 0.48536 0.30500 0.97000 0.50000 0.25000
30045550 3.60538 500 60 0.48536 0.30500 0.97000 0.50000 0.25000
30046483 0.03446 500 60 0.48536 0.30500 0.97000 0.50000 0.25000
30046487 0.03687 500 60 0.48536 0.30500 0.97000 0.50000 0.25000
30047117 1.02101 500 60 0.48536 0.30500 0.97000 0.50000 0.25000
30049430 0.03016 500 60 0.48536 0.30500 0.97000 0.50000 0.25000
30049431 1.46186 500 60 0.48536 0.30500 0.97000 0.50000 0.25000
30049432 0.03587 500 60 0.48536 0.30500 0.97000 0.50000 0.25000
30049434 8.78224 500 60 0.48536 0.30500 0.97000 0.50000 0.25000
30602838 0.09811 500 60 0.48536 0.30500 0.97000 0.50000 0.25000
31747382 4.72297 500 60 0.48536 0.30500 0.97000 0.50000 0.25000
93855613 0.02180 500 60 0.48536 0.30500 0.97000 0.50000 0.25000
93855614 9.49904 500 60 0.48536 0.30500 0.97000 0.50000 0.25000
93855616 0.48102 500 60 0.48536 0.30500 0.97000 0.50000 0.25000
93855617 0.32733 500 60 0.48536 0.30500 0.97000 0.50000 0.25000
93855618 0.02254 500 60 0.48536 0.30500 0.97000 0.50000 0.25000
93855619 0.32791 500 60 0.48536 0.30500 0.97000 0.50000 0.25000
93855621 0.44036 500 60 0.48536 0.30500 0.97000 0.50000 0.25000
93858643 0.20276 500 60 0.48536 0.30500 0.97000 0.50000 0.25000
93858646 0.31171 500 60 0.48536 0.30500 0.97000 0.50000 0.25000
93858653 0.67520 500 60 0.48536 0.30500 0.97000 0.50000 0.25000
94442885 0.09592 500 60 0.48536 0.30500 0.97000 0.50000 0.25000
94442889 0.09592 500 60 0.48536 0.30500 0.97000 0.50000 0.25000
94442892 13.74560 500 60 0.48536 0.30500 0.97000 0.50000 0.25000
94442917 4.11397 500 60 0.48536 0.30500 0.97000 0.50000 0.25000
95045695 0.04817 500 60 0.48536 0.30500 0.97000 0.50000 0.25000
98917460 0.06605 500 60 0.48536 0.30500 0.97000 0.50000 0.25000
95160459 0.05415 500 60 0.48536 0.30500 0.97000 0.50000 0.25000
95160461 0.05516 500 60 0.48536 0.30500 0.97000 0.50000 0.25000
95160472 10.77590 500 60 0.48536 0.30500 0.97000 0.50000 0.25000
95160509 4.11555 500 60 0.48536 0.30500 0.97000 0.50000 0.25000
98917226 4.53954 500 60 0.48536 0.30500 0.97000 0.50000 0.25000
98917251 1.15790 500 60 0.48536 0.30500 0.97000 0.50000 0.25000
98917327 0.06538 500 60 0.48536 0.30500 0.97000 0.50000 0.25000
98917376 0.04856 500 60 0.48536 0.30500 0.97000 0.50000 0.25000
133795069 0.36481 500 60 0.48536 0.30500 0.97000 0.50000 0.25000
133795072 3.04952 500 60 0.48536 0.30500 0.97000 0.50000 0.25000
133795074 0.29933 500 60 0.48536 0.30500 0.97000 0.50000 0.25000
133795077 0.32149 500 60 0.48536 0.30500 0.97000 0.50000 0.25000
133795057 0.38203 500 60 0.48536 0.30500 0.97000 0.50000 0.25000
133795061 0.43730 500 60 0.48536 0.30500 0.97000 0.50000 0.25000
133795062 1.66504 500 60 0.48536 0.30500 0.97000 0.50000 0.25000
133795089 0.77109 500 60 0.48536 0.30500 0.97000 0.50000 0.25000
133795093 0.26282 500 60 0.48536 0.30500 0.97000 0.50000 0.25000
133800599 0.62362 500 60 0.48536 0.30500 0.97000 0.50000 0.25000
133800601 0.14433 500 60 0.48536 0.30500 0.97000 0.50000 0.25000
133803781 0.73053 500 60 0.48536 0.30500 0.97000 0.50000 0.25000
133803783 0.45354 500 60 0.48536 0.30500 0.97000 0.50000 0.25000
133803785 0.34128 500 60 0.48536 0.30500 0.97000 0.50000 0.25000
133805227 0.34451 500 60 0.48536 0.30500 0.97000 0.50000 0.25000
133805232 1.05049 500 60 0.48536 0.30500 0.97000 0.50000 0.25000
133805233 0.45400 500 60 0.48536 0.30500 0.97000 0.50000 0.25000
133803787 1.05407 500 60 0.48536 0.30500 0.97000 0.50000 0.25000
133803793 0.34391 500 60 0.48536 0.30500 0.97000 0.50000 0.25000
133803796 0.71374 500 60 0.48536 0.30500 0.97000 0.50000 0.25000
133805220 0.33740 500 60 0.48536 0.30500 0.97000 0.50000 0.25000
133875222 0.14843 500 60 0.48536 0.30500 0.97000 0.50000 0.25000
133805242 5.35658 500 60 0.48536 0.30500 0.97000 0.50000 0.25000
133875251 1.52546 500 60 0.48536 0.30500 0.97000 0.50000 0.25000
133875258 0.54550 500 60 0.48536 0.30500 0.97000 0.50000 0.25000
133876575 0.05528 500 60 0.48536 0.30500 0.97000 0.50000 0.25000
133876577 0.21537 500 60 0.48536 0.30500 0.97000 0.50000 0.25000
133876578 0.22262 500 60 0.48536 0.30500 0.97000 0.50000 0.25000
133876579 0.22347 500 60 0.48536 0.30500 0.97000 0.50000 0.25000
133876581 5.36229 500 60 0.48536 0.30500 0.97000 0.50000 0.25000
133876582 0.05549 500 60 0.48536 0.30500 0.97000 0.50000 0.25000
133875243 0.16813 500 60 0.48536 0.30500 0.97000 0.50000 0.25000
133882117 2.08717 500 60 0.48536 0.30500 0.97000 0.50000 0.25000
133882118 1.92819 500 60 0.48536 0.30500 0.97000 0.50000 0.25000
133882127 0.29194 500 60 0.48536 0.30500 0.97000 0.50000 0.25000
133882129 1.91064 500 60 0.48536 0.30500 0.97000 0.50000 0.25000
133882130 0.33071 500 60 0.48536 0.30500 0.97000 0.50000 0.25000
133876585 0.21792 500 60 0.48536 0.30500 0.97000 0.50000 0.25000
133879433 0.59602 500 60 0.48536 0.30500 0.97000 0.50000 0.25000
133879436 0.57815 500 60 0.48536 0.30500 0.97000 0.50000 0.25000
133879440 0.54759 500 60 0.48536 0.30500 0.97000 0.50000 0.25000
133882133 0.33094 500 60 0.48536 0.30500 0.97000 0.50000 0.25000
133882135 0.05312 500 60 0.48536 0.30500 0.97000 0.50000 0.25000
133882137 0.05262 500 60 0.48536 0.30500 0.97000 0.50000 0.25000
133882138 0.29218 500 60 0.48536 0.30500 0.97000 0.50000 0.25000
134140054 0.22169 500 60 0.48536 0.30500 0.97000 0.50000 0.25000
134147962 0.03616 500 60 0.48536 0.30500 0.97000 0.50000 0.25000
134147970 0.03513 500 60 0.48536 0.30500 0.97000 0.50000 0.25000
134144421 2.43589 500 60 0.48536 0.30500 0.97000 0.50000 0.25000
134153458 5.83979 500 60 0.48536 0.30500 0.97000 0.50000 0.25000
134153478 0.03908 500 60 0.48536 0.30500 0.97000 0.50000 0.25000
134153489 0.04123 500 60 0.48536 0.30500 0.97000 0.50000 0.25000
134147997 4.53224 500 60 0.48536 0.30500 0.97000 0.50000 0.25000
134147999 2.17835 500 60 0.48536 0.30500 0.97000 0.50000 0.25000
134153444 4.53129 500 60 0.48536 0.30500 0.97000 0.50000 0.25000
134163206 5.83766 500 60 0.48536 0.30500 0.97000 0.50000 0.25000
134163209 3.72647 500 60 0.48536 0.30500 0.97000 0.50000 0.25000
134163192 0.05756 500 60 0.48536 0.30500 0.97000 0.50000 0.25000
134163194 0.05867 500 60 0.48536 0.30500 0.97000 0.50000 0.25000
134170075 0.61564 500 60 0.48536 0.30500 0.97000 0.50000 0.25000
134170090 2.30763 500 60 0.48536 0.30500 0.97000 0.50000 0.25000
134167565 0.28905 500 60 0.48536 0.30500 0.97000 0.50000 0.25000
134167568 2.33077 500 60 0.48536 0.30500 0.97000 0.50000 0.25000
134167577 3.71361 500 60 0.48536 0.30500 0.97000 0.50000 0.25000
134167585 0.29373 500 60 0.48536 0.30500 0.97000 0.50000 0.25000
117240144 0.09424 500 60 0.48536 0.30500 0.97000 0.50000 0.25000
117240145 0.30955 500 60 0.48536 0.30500 0.97000 0.50000 0.25000
133755474 1.95391 500 60 0.48536 0.30500 0.97000 0.50000 0.25000
133764001 0.63716 500 60 0.48536 0.30500 0.97000 0.50000 0.25000
133761024 0.06084 500 60 0.48536 0.30500 0.97000 0.50000 0.25000
133763998 0.20829 500 60 0.48536 0.30500 0.97000 0.50000 0.25000
135199746 4.45813 500 60 0.48536 0.30500 0.97000 0.50000 0.25000
135186124 0.72956 500 60 0.48536 0.30500 0.97000 0.50000 0.25000
135186125 5.83438 500 60 0.48536 0.30500 0.97000 0.50000 0.25000
135199758 0.20587 500 60 0.48536 0.30500 0.97000 0.50000 0.25000
135199760 1.44734 500 60 0.48536 0.30500 0.97000 0.50000 0.25000
135199769 0.20449 500 60 0.48536 0.30500 0.97000 0.50000 0.25000
135229784 0.03900 500 60 0.48536 0.30500 0.97000 0.50000 0.25000
135229766 0.04179 500 60 0.48536 0.30500 0.97000 0.50000 0.25000
135229768 1.46471 500 60 0.48536 0.30500 0.97000 0.50000 0.25000
135229777 0.81454 500 60 0.48536 0.30500 0.97000 0.50000 0.25000
134221191 0.05649 500 60 0.48536 0.30500 0.97000 0.50000 0.25000
134170095 0.60729 500 60 0.48536 0.30500 0.97000 0.50000 0.25000
134222255 0.30454 500 60 0.48536 0.30500 0.97000 0.50000 0.25000
134221209 1.61771 500 60 0.48536 0.30500 0.97000 0.50000 0.25000
134222253 9.50274 500 60 0.48536 0.30500 0.97000 0.50000 0.25000
134230098 0.70793 500 60 0.48536 0.30500 0.97000 0.50000 0.25000
134230112 1.80127 500 60 0.48536 0.30500 0.97000 0.50000 0.25000
134230116 0.86248 500 60 0.48536 0.30500 0.97000 0.50000 0.25000
134230137 0.86281 500 60 0.48536 0.30500 0.97000 0.50000 0.25000
135186089 0.82058 500 60 0.48536 0.30500 0.97000 0.50000 0.25000
135186090 0.73071 500 60 0.48536 0.30500 0.97000 0.50000 0.25000
158011629 0.36824 500 60 0.48536 0.30500 0.97000 0.50000 0.25000
215118920 0.25000 500 60 0.48536 0.30500 0.97000 0.50000 0.25000
215118921 0.11963 500 60 0.48536 0.30500 0.97000 0.50000 0.25000
215118923 2.42211 500 60 0.48536 0.30500 0.97000 0.50000 0.25000
215492885 0.22406 500 60 0.48536 0.30500 0.97000 0.50000 0.25000
215492889 0.31328 500 60 0.48536 0.30500 0.97000 0.50000 0.25000
215492892 0.40084 500 60 0.48536 0.30500 0.97000 0.50000 0.25000
215492896 1.88489 500 60 0.48536 0.30500 0.97000 0.50000 0.25000
215573636 1.51423 500 60 0.48536 0.30500 0.97000 0.50000 0.25000
172446085 0.08241 500 60 0.48536 0.30500 0.97000 0.50000 0.25000
172446086 7.43911 500 60 0.48536 0.30500 0.97000 0.50000 0.25000
180099815 0.18211 500 60 0.48536 0.30500 0.97000 0.50000 0.25000
180099816 0.17872 500 60 0.48536 0.30500 0.97000 0.50000 0.25000
195459623 0.84428 500 60 0.48536 0.30500 0.97000 0.50000 0.25000
195459629 0.72136 500 60 0.48536 0.30500 0.97000 0.50000 0.25000
1355682103 0.11422 500 60 0.48536 0.30500 0.97000 0.50000 0.25000
1355682104 0.14210 500 60 0.48536 0.30500 0.97000 0.50000 0.25000
1420862253 0.02420 500 60 0.48536 0.30500 0.97000 0.50000 0.25000
1432591020 0.04930 500 60 0.48536 0.30500 0.97000 0.50000 0.25000
1433172316 0.22497 500 60 0.48536 0.30500 0.97000 0.50000 0.25000
1433172317 0.23526 500 60 0.48536 0.30500 0.97000 0.50000 0.25000
1433195980 0.01765 500 60 0.48536 0.30500 0.97000 0.50000 0.25000
1433195981 0.02167 500 60 0.48536 0.30500 0.97000 0.50000 0.25000
1436994403 0.24270 500 60 0.48536 0.30500 0.97000 0.50000 0.25000
1436994405 1.01504 500 60 0.48536 0.30500 0.97000 0.50000 0.25000
1436994406 1.06783 500 60 0.48536 0.30500 0.97000 0.50000 0.25000
1436994470 0.83084 500 60 0.48536 0.30500 0.97000 0.50000 0.25000
1436994471 2.50182 500 60 0.48536 0.30500 0.97000 0.50000 0.25000
1098236801 0.44030 500 60 0.48536 0.30500 0.97000 0.50000 0.25000
1098549363 0.71687 500 60 0.48536 0.30500 0.97000 0.50000 0.25000
1098549364 0.12488 500 60 0.48536 0.30500 0.97000 0.50000 0.25000
1099399016 0.11312 500 60 0.48536 0.30500 0.97000 0.50000 0.25000
1123417614 0.65162 500 60 0.48536 0.30500 0.97000 0.50000 0.25000
1123417615 0.65447 500 60 0.48536 0.30500 0.97000 0.50000 0.25000
1167349005 0.06803 500 60 0.48536 0.30500 0.97000 0.50000 0.25000
1167821276 0.10189 500 60 0.48536 0.30500 0.97000 0.50000 0.25000
1167821277 0.34880 500 60 0.48536 0.30500 0.97000 0.50000 0.25000
1167821278 0.39172 500 60 0.48536 0.30500 0.97000 0.50000 0.25000
1168070663 0.12716 500 60 0.48536 0.30500 0.97000 0.50000 0.25000
1135880005 0.01422 500 60 0.48536 0.30500 0.97000 0.50000 0.25000
1137428479 0.03456 500 60 0.48536 0.30500 0.97000 0.50000 0.25000
1137428480 0.42408 500 60 0.48536 0.30500 0.97000 0.50000 0.25000
1154553656 0.41908 500 60 0.48536 0.30500 0.97000 0.50000 0.25000
1156527837 3.85249 500 60 0.48536 0.30500 0.97000 0.50000 0.25000
1156527838 0.01955 500 60 0.48536 0.30500 0.97000 0.50000 0.25000
1154553657 0.01075 500 60 0.48536 0.30500 0.97000 0.50000 0.25000
1155923633 3.82119 500 60 0.48536 0.30500 0.97000 0.50000 0.25000
1155923634 0.02571 500 60 0.48536 0.30500 0.97000 0.50000 0.25000
1280170575 0.21897 500 60 0.48536 0.30500 0.97000 0.50000 0.25000
1323096801 0.16224 500 60 0.48536 0.30500 0.97000 0.50000 0.25000
1323096802 0.02361 500 60 0.48536 0.30500 0.97000 0.50000 0.25000
1287699024 0.31807 500 60 0.48536 0.30500 0.97000 0.50000 0.25000
1287699025 0.02460 500 60 0.48536 0.30500 0.97000 0.50000 0.25000
744406537 0.43149 500 60 0.48536 0.30500 0.97000 0.50000 0.25000
737352792 0.14731 500 60 0.48536 0.30500 0.97000 0.50000 0.25000
737731837 0.05127 500 60 0.48536 0.30500 0.97000 0.50000 0.25000
737952683 0.76119 500 60 0.48536 0.30500 0.97000 0.50000 0.25000
738227683 0.20027 500 60 0.48536 0.30500 0.97000 0.50000 0.25000
755546053 0.62117 500 60 0.48536 0.30500 0.97000 0.50000 0.25000
754939009 0.25561 500 60 0.48536 0.30500 0.97000 0.50000 0.25000
755413877 0.23349 500 60 0.48536 0.30500 0.97000 0.50000 0.25000
755413878 0.33368 500 60 0.48536 0.30500 0.97000 0.50000 0.25000
764349226 0.03240 500 60 0.48536 0.30500 0.97000 0.50000 0.25000
764349227 2.69519 500 60 0.48536 0.30500 0.97000 0.50000 0.25000
764349228 0.82748 500 60 0.48536 0.30500 0.97000 0.50000 0.25000
764349229 0.03308 500 60 0.48536 0.30500 0.97000 0.50000 0.25000
829092418 0.20678 500 60 0.48536 0.30500 0.97000 0.50000 0.25000
828825106 0.17348 500 60 0.48536 0.30500 0.97000 0.50000 0.25000
828825108 4.40467 500 60 0.48536 0.30500 0.97000 0.50000 0.25000
828825109 0.09703 500 60 0.48536 0.30500 0.97000 0.50000 0.25000
828825110 3.55273 500 60 0.48536 0.30500 0.97000 0.50000 0.25000
828825111 0.18712 500 60 0.48536 0.30500 0.97000 0.50000 0.25000
829092422 0.74180 500 60 0.48536 0.30500 0.97000 0.50000 0.25000
829092423 0.02458 500 60 0.48536 0.30500 0.97000 0.50000 0.25000
829092428 0.66743 500 60 0.48536 0.30500 0.97000 0.50000 0.25000
829092429 3.25577 500 60 0.48536 0.30500 0.97000 0.50000 0.25000
830438053 0.28347 500 60 0.48536 0.30500 0.97000 0.50000 0.25000
838382218 0.18520 500 60 0.48536 0.30500 0.97000 0.50000 0.25000
843678578 17.45549 500 60 0.48536 0.30500 0.97000 0.50000 0.25000
843678579 0.01752 500 60 0.48536 0.30500 0.97000 0.50000 0.25000
843678580 5.41216 500 60 0.48536 0.30500 0.97000 0.50000 0.25000
843678581 0.01762 500 60 0.48536 0.30500 0.97000 0.50000 0.25000
843684799 2.68470 500 60 0.48536 0.30500 0.97000 0.50000 0.25000
843684800 0.00896 500 60 0.48536 0.30500 0.97000 0.50000 0.25000
843684801 0.82891 500 60 0.48536 0.30500 0.97000 0.50000 0.25000
843684802 0.00896 500 60 0.48536 0.30500 0.97000 0.50000 0.25000
854284427 0.06439 500 60 0.48536 0.30500 0.97000 0.50000 0.25000
854300186 0.30813 500 60 0.48536 0.30500 0.97000 0.50000 0.25000
893293896 2.66754 500 60 0.48536 0.30500 0.97000 0.50000 0.25000
893293897 1.64055 500 60 0.48536 0.30500 0.97000 0.50000 0.25000
893293873 0.46550 500 60 0.48536 0.30500 0.97000 0.50000 0.25000
893293874 2.79384 500 60 0.48536 0.30500 0.97000 0.50000 0.25000
893293876 0.03802 500 60 0.48536 0.30500 0.97000 0.50000 0.25000
893293878 0.89813 500 60 0.48536 0.30500 0.97000 0.50000 0.25000
893293879 0.11192 500 60 0.48536 0.30500 0.97000 0.50000 0.25000
893297229 7.67309 500 60 0.48536 0.30500 0.97000 0.50000 0.25000
893297230 7.67999 500 60 0.48536 0.30500 0.97000 0.50000 0.25000
893297231 0.67023 500 60 0.48536 0.30500 0.97000 0.50000 0.25000
893297233 1.02031 500 60 0.48536 0.30500 0.97000 0.50000 0.25000
893297234 1.02435 500 60 0.48536 0.30500 0.97000 0.50000 0.25000
893297235 0.26391 500 60 0.48536 0.30500 0.97000 0.50000 0.25000
893297236 0.26425 500 60 0.48536 0.30500 0.97000 0.50000 0.25000
893297237 0.09368 500 60 0.48536 0.30500 0.97000 0.50000 0.25000
893297238 0.12236 500 60 0.48536 0.30500 0.97000 0.50000 0.25000
1009402700 0.03930 500 60 0.48536 0.30500 0.97000 0.50000 0.25000
1009402706 0.03919 500 60 0.48536 0.30500 0.97000 0.50000 0.25000
1043797277 0.20013 500 60 0.48536 0.30500 0.97000 0.50000 0.25000
1043797278 0.09127 500 60 0.48536 0.30500 0.97000 0.50000 0.25000
1043797279 0.09225 500 60 0.48536 0.30500 0.97000 0.50000 0.25000
1043797275 0.20036 500 60 0.48536 0.30500 0.97000 0.50000 0.25000
1043797276 0.10086 500 60 0.48536 0.30500 0.97000 0.50000 0.25000
1071098801 0.35662 500 60 0.48536 0.30500 0.97000 0.50000 0.25000
606935769 0.20792 500 60 0.48536 0.30500 0.97000 0.50000 0.25000
606935770 0.28096 500 60 0.48536 0.30500 0.97000 0.50000 0.25000
609235318 0.20662 500 60 0.48536 0.30500 0.97000 0.50000 0.25000
609235319 0.27591 500 60 0.48536 0.30500 0.97000 0.50000 0.25000
653236599 0.21345 500 60 0.48536 0.30500 0.97000 0.50000 0.25000
671038619 0.18303 500 60 0.48536 0.30500 0.97000 0.50000 0.25000
627390401 0.42164 500 60 0.48536 0.30500 0.97000 0.50000 0.25000
637971174 0.43746 500 60 0.48536 0.30500 0.97000 0.50000 0.25000
638219393 0.01993 500 60 0.48536 0.30500 0.97000 0.50000 0.25000
638219394 0.47188 500 60 0.48536 0.30500 0.97000 0.50000 0.25000
638219395 0.02000 500 60 0.48536 0.30500 0.97000 0.50000 0.25000
638219396 0.93583 500 60 0.48536 0.30500 0.97000 0.50000 0.25000
642340880 0.12935 500 60 0.48536 0.30500 0.97000 0.50000 0.25000
642301120 0.42845 500 60 0.48536 0.30500 0.97000 0.50000 0.25000
642340877 0.17907 500 60 0.48536 0.30500 0.97000 0.50000 0.25000
645414383 0.08968 500 60 0.48536 0.30500 0.97000 0.50000 0.25000
645416822 0.05182 500 60 0.48536 0.30500 0.97000 0.50000 0.25000
645416823 2.17634 500 60 0.48536 0.30500 0.97000 0.50000 0.25000
645416824 2.17646 500 60 0.48536 0.30500 0.97000 0.50000 0.25000
645416825 0.05405 500 60 0.48536 0.30500 0.97000 0.50000 0.25000
