5150133	0.47704	1080	50	0.485363926	0.305	0.97
5153487	0.24314	2100	60	0.485363926	0.305	0.97
8474550	0.06923	80	60	0.485363926	0.305	0.97
8512167	0.1731	80	60	0.485363926	0.305	0.97
8512191	0.37052	280	60	0.485363926	0.305	0.97
8564555 0.55465	80	60	0.485363926	0.305	0.97
10561240	3.49992	80	60	0.485363926	0.305	0.97
10561241	0.68928	80	60	0.485363926	0.305	0.97
10561261	0.39776	80	60	0.485363926	0.305	0.97
10561262	0.13678	80	60	0.485363926	0.305	0.97
10561263	0.06502	680	60	0.485363926	0.305	0.97
10561264	0.35932	3080	60	0.485363926	0.305	0.97
10561265	0.47019	80	60	0.485363926	0.305	0.97
10561267	0.31431	80	60	0.485363926	0.305	0.97
10561269	0.14899	80	60	0.485363926	0.305	0.97
10561279	0.21641	80	60	0.485363926	0.305	0.97
12335472	0.0917	810	40	0.485363926	0.305	0.97
12335480	0.12917	80	60	0.485363926	0.305	0.97
16369732	1.50798	80	60	0.485363926	0.305	0.97
23710999	0.95254	80	60	0.485363926	0.305	0.97
87805656	0.58629	380	60	0.485363926	0.305	0.97
87805658	0.20992	80	70	0.485363926	0.305	0.97
87805664	0.13207	60	60	0.485363926	0.305	0.97
87805666	0.31597	80	60	0.485363926	0.305	0.97
87807828	0.15647	80	60	0.485363926	0.305	0.97
87807830	0.20749	80	60	0.485363926	0.305	0.97
87807832	0.26594	70	60	0.485363926	0.305	0.97
87807833	0.29552	80	60	0.485363926	0.305	0.97
87807834	0.32844	80	60	0.485363926	0.305	0.97
87807835	0.27797	80	60	0.485363926	0.305	0.97
87807836	0.13182	80	60	0.485363926	0.305	0.97
87807837	0.30723	60	60	0.485363926	0.305	0.97
87807838	0.66997	80	60	0.485363926	0.305	0.97
87808307	0.5661	80	60	0.485363926	0.305	0.97
87808308	0.15888	80	60	0.485363926	0.305	0.97
87808310	0.23685	65	60	0.485363926	0.305	0.97
87808312	0.26172	80	60	0.485363926	0.305	0.97
88260919	0.29555	80	60	0.485363926	0.305	0.97
88260924	0.14813	80	60	0.485363926	0.305	0.97
88260926	0.23117	80	60	0.485363926	0.305	0.97
88260932	0.17701	55	60	0.485363926	0.305	0.97
88260938	0.14739	480	60	0.485363926	0.305	0.97
88260945	0.59949	80	60	0.485363926	0.305	0.97
88260952	0.4959	80	60	0.485363926	0.305	0.97
88260954	0.28952	44	60	0.485363926	0.305	0.97
88260957	0.064	80	60	0.485363926	0.305	0.97
88260959	0.30908	80	60	0.485363926	0.305	0.97
88260970	0.49535	80	60	0.485363926	0.305	0.97
88260974	0.16819	80	60	0.485363926	0.305	0.97
88260978	0.04871	80	60	0.485363926	0.305	0.97
88260980	0.14222	80	60	0.485363926	0.305	0.97
88270775	0.23422	80	60	0.485363926	0.305	0.97
88270777	0.4004	80	60	0.485363926	0.305	0.97
88270778	0.13441	90	60	0.485363926	0.305	0.97
88270779	0.11099	80	60	0.485363926	0.305	0.97
88270781	0.4616	80	60	0.485363926	0.305	0.97
88270784	0.24753	80	60	0.485363926	0.305	0.97
88270785	0.26743	80	60	0.485363926	0.305	0.97
88270786	0.27568	80	60	0.485363926	0.305	0.97
88270788	0.10138	80	60	0.485363926	0.305	0.97
88273960	0.0908	28	60	0.485363926	0.305	0.97
88273961	0.15241	80	60	0.485363926	0.305	0.97
88273962	0.28925	80	60	0.485363926	0.305	0.97
88273963	0.39028	80	80	0.485363926	0.305	0.97
88273964	0.08674	80	60	0.485363926	0.305	0.97
88273965	0.11953	4080	60	0.485363926	0.305	0.97
88273966	0.41103	80	60	0.485363926	0.305	0.97
88273967	0.09503	80	60	0.485363926	0.305	0.97
88273968	0.37133	80	60	0.485363926	0.305	0.97
88273969	0.25469	80	60	0.485363926	0.305	0.97
88274551	0.3694	180	60	0.485363926	0.305	0.97
88274555	0.10446	80	60	0.485363926	0.305	0.97
88274557	0.59549	80	60	0.485363926	0.305	0.97
88274562	0.34228	180	40	0.485363926	0.305	0.97
88274564	0.88252	80	60	0.485363926	0.305	0.97
88274570	0.09415	80	60	0.485363926	0.305	0.97
88274575	0.11527	80	60	0.485363926	0.305	0.97
88669570	0.39381	80	60	0.485363926	0.305	0.97
88669590	0.38358	80	60	0.485363926	0.305	0.97
88669592	0.56103	80	60	0.485363926	0.305	0.97
88669602	0.19058	80	60	0.485363926	0.305	0.97
88669612	0.56124	80	60	0.485363926	0.305	0.97
88669615	0.56117	280	60	0.485363926	0.305	0.97
88669623	0.07947	80	60	0.485363926	0.305	0.97
88669634	0.5631	80	60	0.485363926	0.305	0.97
88669639	0.32422	480	60	0.485363926	0.305	0.97
88669648	0.12646	80	60	0.485363926	0.305	0.97
88669654	0.5611	80	60	0.485363926	0.305	0.97
88669663	0.5568	80	60	0.485363926	0.305	0.97
88669668	0.4735	80	60	0.485363926	0.305	0.97
88683339	0.45195	80	60	0.485363926	0.305	0.97
88683345	0.49904	80	60	0.485363926	0.305	0.97
88683371	0.14868	80	60	0.485363926	0.305	0.97
91328840	0.24897	380	60	0.485363926	0.305	0.97
91328841	0.14579	80	60	0.485363926	0.305	0.97
91328842	0.24805	80	60	0.485363926	0.305	0.97
91328843	0.15069	80	60	0.485363926	0.305	0.97
91328845	0.15703	80	60	0.485363926	0.305	0.97
91328846	0.29541	80	60	0.485363926	0.305	0.97
91328848	0.1007	80	60	0.485363926	0.305	0.97
91328849	0.15811	180	60	0.485363926	0.305	0.97
91328850	0.66233	80	60	0.485363926	0.305	0.97
91328851	0.18575	80	60	0.485363926	0.305	0.97
91328855	0.24244	80	60	0.485363926	0.305	0.97
91328856	0.13693	80	60	0.485363926	0.305	0.97
91328857	0.10229	80	60	0.485363926	0.305	0.97
91328858	0.33981	80	60	0.485363926	0.305	0.97
91328859	0.23346	80	60	0.485363926	0.305	0.97
91328860	0.1056	80	60	0.485363926	0.305	0.97
91328861	0.15336	580	60	0.485363926	0.305	0.97
91328862	0.09872	80	60	0.485363926	0.305	0.97
91328863	0.17161	80	60	0.485363926	0.305	0.97
91328864	0.193	80	60	0.485363926	0.305	0.97
91328865	0.15061	80	60	0.485363926	0.305	0.97
91328866	0.36661	80	60	0.485363926	0.305	0.97
91328867	0.08005	80	60	0.485363926	0.305	0.97
91328868	0.14024	80	60	0.485363926	0.305	0.97
91328869	0.13348	80	60	0.485363926	0.305	0.97
91328870	0.33197	80	60	0.485363926	0.305	0.97
91328871	0.15097	780	60	0.485363926	0.305	0.97
93145289	0.40134	80	60	0.485363926	0.305	0.97
93145291	0.17668	80	60	0.485363926	0.305	0.97
93855590	0.12652	80	60	0.485363926	0.305	0.97
93855592	0.30592	80	60	0.485363926	0.305	0.97
93855599	0.08006	80	60	0.485363926	0.305	0.97
93855600	0.10146	830	50	0.485363926	0.305	0.97
93855602	0.15853	80	60	0.485363926	0.305	0.97
93855606	0.4559	280	60	0.485363926	0.305	0.97
93855609	0.21205	80	60	0.485363926	0.305	0.97
93855610	0.39256	80	60	0.485363926	0.305	0.97
93855611	0.19481	80	60	0.485363926	0.305	0.97
93855612	0.08289	80	60	0.485363926	0.305	0.97
93855613	0.0218	80	60	0.485363926	0.305	0.97
93855614	9.49904	80	60	0.485363926	0.305	0.97
93855616	0.48102	80	60	0.485363926	0.305	0.97
93855617	0.32733	80	60	0.485363926	0.305	0.97
93855618	0.02254	80	60	0.485363926	0.305	0.97
93855619	0.32791	80	60	0.485363926	0.305	0.97
93855621	0.44036	560	60	0.485363926	0.305	0.97
93855622	0.2545	80	60	0.485363926	0.305	0.97
93855623	0.07362	80	60	0.485363926	0.305	0.97
93855624	0.16644	80	60	0.485363926	0.305	0.97
93855625	0.19292	80	60	0.485363926	0.305	0.97
93855626	0.18437	80	60	0.485363926	0.305	0.97
93855627	0.26742	800	60	0.485363926	0.305	0.97
93858642	0.20564	80	60	0.485363926	0.305	0.97
93858643	0.20276	80	60	0.485363926	0.305	0.97
93858644	0.05424	80	60	0.485363926	0.305	0.97
93858646	0.31171	80	60	0.485363926	0.305	0.97
93858650	0.08126	80	60	0.485363926	0.305	0.97
93858653	0.6752	80	60	0.485363926	0.305	0.97
93858656	0.46195	100	60	0.485363926	0.305	0.97
93858657	0.05801	80	60	0.485363926	0.305	0.97
93858659	0.21226	80	60	0.485363926	0.305	0.97
93858661	0.12662	80	60	0.485363926	0.305	0.97
93858662	0.23546	80	60	0.485363926	0.305	0.97
104844585	0.15588	340	60	0.485363926	0.305	0.97
129534178	0.10121	80	60	0.485363926	0.305	0.97
129534179	0.09931	80	60	0.485363926	0.305	0.97
129534180	0.03427	80	60	0.485363926	0.305	0.97
129534181	0.10559	80	60	0.485363926	0.305	0.97
129534182	0.16855	80	60	0.485363926	0.305	0.97
129534183	0.44245	80	60	0.485363926	0.305	0.97
129534184	0.08802	810	45	0.485363926	0.305	0.97
129534186	0.14104	80	60	0.485363926	0.305	0.97
129534187	0.13943	80	60	0.485363926	0.305	0.97
129534200	0.21651	80	60	0.485363926	0.305	0.97
129534201	0.20908	80	60	0.485363926	0.305	0.97
129534204	0.21706	280	60	0.485363926	0.305	0.97
129534205	0.802	80	60	0.485363926	0.305	0.97
129534207	0.10376	80	60	0.485363926	0.305	0.97
129534210	0.0981	80	60	0.485363926	0.305	0.97
129534211	0.12826	80	60	0.485363926	0.305	0.97
129534212	0.09193	680	60	0.485363926	0.305	0.97
129534216	0.36686	80	60	0.485363926	0.305	0.97
129534217	0.39638	80	60	0.485363926	0.305	0.97
129534218	0.18508	80	60	0.485363926	0.305	0.97
129534219	0.27977	80	60	0.485363926	0.305	0.97
129534220	0.16668	380	60	0.485363926	0.305	0.97
129534221	0.15958	80	60	0.485363926	0.305	0.97
129534222	0.20087	80	60	0.485363926	0.305	0.97
129534224	0.17565	80	60	0.485363926	0.305	0.97
129535569	0.1505	80	60	0.485363926	0.305	0.97
129535570	0.13459	80	60	0.485363926	0.305	0.97
129535571	0.16622	80	60	0.485363926	0.305	0.97
129535572	0.07249	980	60	0.485363926	0.305	0.97
129535573	0.10091	180	60	0.485363926	0.305	0.97
129535574	0.17053	280	60	0.485363926	0.305	0.97
129535576	0.09839	380	60	0.485363926	0.305	0.97
129535577	0.63294	480	60	0.485363926	0.305	0.97
129535578	0.21359	680	60	0.485363926	0.305	0.97
129535579	0.08527	80	60	0.485363926	0.305	0.97
129535580	0.15448	580	60	0.485363926	0.305	0.97
129535581	0.09241	80	60	0.485363926	0.305	0.97
129535583	0.21915	80	60	0.485363926	0.305	0.97
129535584	0.05078	80	60	0.485363926	0.305	0.97
129556765	0.22636	80	60	0.485363926	0.305	0.97
129556767	0.08556	80	60	0.485363926	0.305	0.97
129556768	0.19153	80	60	0.485363926	0.305	0.97
129556769	0.07166	80	60	0.485363926	0.305	0.97
129556770	0.31319	980	60	0.485363926	0.305	0.97
129556771	0.27833	80	60	0.485363926	0.305	0.97
129556772	0.97771	80	60	0.485363926	0.305	0.97
129556773	0.28725	80	60	0.485363926	0.305	0.97
129556774	0.13335	180	60	0.485363926	0.305	0.97
129556775	0.29791	80	60	0.485363926	0.305	0.97
129556776	0.05259	80	60	0.485363926	0.305	0.97
129556778	0.16716	80	60	0.485363926	0.305	0.97
129556779	0.13705	80	60	0.485363926	0.305	0.97
129556780	0.19684	610	60	0.485363926	0.305	0.97
129556781	0.15746	80	60	0.485363926	0.305	0.97
129556782	0.43153	80	60	0.485363926	0.305	0.97
129556783	0.34571	80	60	0.485363926	0.305	0.97
129556784	0.14606	80	60	0.485363926	0.305	0.97
129556785	0.25316	80	60	0.485363926	0.305	0.97
129556786	0.08564	80	60	0.485363926	0.305	0.97
129556787	0.1218	80	60	0.485363926	0.305	0.97
129556788	0.10857	80	60	0.485363926	0.305	0.97
129556789	0.0909	80	60	0.485363926	0.305	0.97
129556790	0.34403	80	60	0.485363926	0.305	0.97
129556791	0.13685	80	60	0.485363926	0.305	0.97
129586376	1.02029	80	60	0.485363926	0.305	0.97
129586377	0.35945	66	60	0.485363926	0.305	0.97
129586378	0.52608	80	60	0.485363926	0.305	0.97
129586379	0.08178	80	60	0.485363926	0.305	0.97
129586380	0.2101	80	60	0.485363926	0.305	0.97
129586381	0.08348	77	60	0.485363926	0.305	0.97
129586382	0.10591	80	60	0.485363926	0.305	0.97
129586383	0.22354	80	60	0.485363926	0.305	0.97
129586384	2.28418	80	60	0.485363926	0.305	0.97
129586385	0.15767	80	60	0.485363926	0.305	0.97
129586386	0.2819	80	60	0.485363926	0.305	0.97
129586388	0.31155	80	60	0.485363926	0.305	0.97
129586390	0.1937	80	60	0.485363926	0.305	0.97
129586391	0.21371	88	60	0.485363926	0.305	0.97
129586392	0.13729	80	60	0.485363926	0.305	0.97
129586393	0.95047	80	60	0.485363926	0.305	0.97
129586394	0.18809	80	60	0.485363926	0.305	0.97
129586395	10.58706	80	60	0.485363926	0.305	0.97
129586396	0.12631	80	60	0.485363926	0.305	0.97
129586397	0.37424	80	60	0.485363926	0.305	0.97
129586398	0.16213	80	60	0.485363926	0.305	0.97
129586399	0.05415	80	60	0.485363926	0.305	0.97
129586400	0.17347	99	60	0.485363926	0.305	0.97
129586401	0.08332	80	60	0.485363926	0.305	0.97
129586403	0.13347	80	60	0.485363926	0.305	0.97
129586404	0.29496	80	60	0.485363926	0.305	0.97
129586406	0.12242	80	60	0.485363926	0.305	0.97
129586407	0.18004	80	60	0.485363926	0.305	0.97
129586409	0.14699	80	60	0.485363926	0.305	0.97
129586410	0.10212	80	60	0.485363926	0.305	0.97
129586412	0.13194	80	60	0.485363926	0.305	0.97
129725802	0.50618	80	60	0.485363926	0.305	0.97
129725805	0.19498	80	60	0.485363926	0.305	0.97
129725816	0.29769	80	60	0.485363926	0.305	0.97
129725817	0.28859	80	60	0.485363926	0.305	0.97
129725823	0.18855	80	60	0.485363926	0.305	0.97
129725825	0.31744	80	60	0.485363926	0.305	0.97
129725826	0.24702	80	60	0.485363926	0.305	0.97
129725827	0.19575	80	60	0.485363926	0.305	0.97
129725831	0.29271	80	60	0.485363926	0.305	0.97
129725837	0.2865	81	60	0.485363926	0.305	0.97
129725838	0.32072	80	60	0.485363926	0.305	0.97
129725843	0.18208	80	60	0.485363926	0.305	0.97
129725858	0.2019	80	60	0.485363926	0.305	0.97
129725860	0.17521	80	60	0.485363926	0.305	0.97
129725866	1.37875	80	60	0.485363926	0.305	0.97
129725875	0.15355	80	60	0.485363926	0.305	0.97
133753444	0.11773	80	60	0.485363926	0.305	0.97
133753445	0.24363	80	60	0.485363926	0.305	0.97
133753446	0.23285	80	60	0.485363926	0.305	0.97
133753447	0.2095	80	60	0.485363926	0.305	0.97
133753449	0.51988	50	60	0.485363926	0.305	0.97
133753452	0.26666	80	60	0.485363926	0.305	0.97
133755470	0.35604	80	60	0.485363926	0.305	0.97
133755471	0.09235	80	60	0.485363926	0.305	0.97
133755472	0.08336	80	60	0.485363926	0.305	0.97
133755473	0.31455	80	60	0.485363926	0.305	0.97
133755474	1.95391	80	60	0.485363926	0.305	0.97
133755475	0.28959	80	60	0.485363926	0.305	0.97
133758770	0.04442	490	60	0.485363926	0.305	0.97
133758771	0.24017	80	60	0.485363926	0.305	0.97
133758772	0.06637	80	60	0.485363926	0.305	0.97
133758773	0.23149	80	60	0.485363926	0.305	0.97
133758774	0.20354	80	60	0.485363926	0.305	0.97
133761004	0.29832	80	60	0.485363926	0.305	0.97
133761005	0.23515	810	60	0.485363926	0.305	0.97
133761008	0.43024	80	60	0.485363926	0.305	0.97
133761011	0.07652	80	60	0.485363926	0.305	0.97
133761013	0.02352	380	60	0.485363926	0.305	0.97
133761015	0.15804	80	60	0.485363926	0.305	0.97
133761017	0.13275	80	60	0.485363926	0.305	0.97
133761018	0.27241	80	60	0.485363926	0.305	0.97
133761023	0.14826	80	60	0.485363926	0.305	0.97
133761024	0.06084	80	60	0.485363926	0.305	0.97
133761028	0.52005	680	60	0.485363926	0.305	0.97
133763997	0.37005	80	60	0.485363926	0.305	0.97
133763998	0.20829	80	60	0.485363926	0.305	0.97
133764001	0.63716	80	60	0.485363926	0.305	0.97
133764003	0.42308	80	60	0.485363926	0.305	0.97
133764004	0.13786	80	60	0.485363926	0.305	0.97
133764005	0.03884	280	60	0.485363926	0.305	0.97
133764007	0.06426	80	60	0.485363926	0.305	0.97
133764009	0.41552	80	60	0.485363926	0.305	0.97
133766186	0.08055	80	60	0.485363926	0.305	0.97
133766187	0.48488	80	60	0.485363926	0.305	0.97
133766190	0.36481	80	60	0.485363926	0.305	0.97
133766196	0.09716	80	60	0.485363926	0.305	0.97
133766201	0.1837	80	60	0.485363926	0.305	0.97
133772445	0.01778	380	60	0.485363926	0.305	0.97
133772447	0.11391	80	60	0.485363926	0.305	0.97
133772449	0.22016	80	60	0.485363926	0.305	0.97
133772451	0.22867	80	60	0.485363926	0.305	0.97
133772455	0.34047	80	60	0.485363926	0.305	0.97
133772459	0.05431	80	60	0.485363926	0.305	0.97
133772462	0.06429	80	60	0.485363926	0.305	0.97
133772464	0.05584	80	60	0.485363926	0.305	0.97
133772465	0.22318	80	60	0.485363926	0.305	0.97
133772467	0.09414	80	60	0.485363926	0.305	0.97
133772469	0.13172	80	60	0.485363926	0.305	0.97
133772471	0.14867	80	60	0.485363926	0.305	0.97
133772476	0.04151	450	60	0.485363926	0.305	0.97
133772477	0.35311	80	60	0.485363926	0.305	0.97
133772480	0.22226	80	60	0.485363926	0.305	0.97
133772482	0.06782	80	60	0.485363926	0.305	0.97
133772485	0.07139	80	60	0.485363926	0.305	0.97
133781033	0.49557	80	60	0.485363926	0.305	0.97
133781034	0.20347	80	60	0.485363926	0.305	0.97
133781036	0.05053	80	60	0.485363926	0.305	0.97
133781037	0.56789	80	60	0.485363926	0.305	0.97
133781048	0.20167	380	60	0.485363926	0.305	0.97
133781053	0.18571	80	60	0.485363926	0.305	0.97
133781054	0.05992	80	60	0.485363926	0.305	0.97
133781055	0.16756	80	60	0.485363926	0.305	0.97
133781058	0.22349	80	60	0.485363926	0.305	0.97
133781060	0.21552	80	60	0.485363926	0.305	0.97
133781061	0.09659	80	60	0.485363926	0.305	0.97
133781062	0.28259	80	60	0.485363926	0.305	0.97
133781063	0.19479	80	60	0.485363926	0.305	0.97
133795072	3.04952	80	60	0.485363926	0.305	0.97
133801688	0.28182	80	60	0.485363926	0.305	0.97
133801689	0.62692	80	60	0.485363926	0.305	0.97
133801693	0.29605	80	60	0.485363926	0.305	0.97
134222253	9.50274	80	60	0.485363926	0.305	0.97
166721522	0.15487	80	60	0.485363926	0.305	0.97
166721523	0.1303	80	60	0.485363926	0.305	0.97
166721524	0.24001	280	60	0.485363926	0.305	0.97
166721525	0.13392	80	60	0.485363926	0.305	0.97
166721526	0.0445	80	60	0.485363926	0.305	0.97
166721530	0.18837	80	60	0.485363926	0.305	0.97
166721531	0.19836	80	60	0.485363926	0.305	0.97
166721532	0.07328	80	60	0.485363926	0.305	0.97
166721535	0.08111	80	60	0.485363926	0.305	0.97
166721537	0.05312	80	60	0.485363926	0.305	0.97
166721538	0.05208	80	60	0.485363926	0.305	0.97
166721539	0.0265	810	60	0.485363926	0.305	0.97
166721541	0.20527	80	60	0.485363926	0.305	0.97
166721542	0.07743	80	60	0.485363926	0.305	0.97
166721543	0.09092	80	60	0.485363926	0.305	0.97
166721546	0.11146	80	60	0.485363926	0.305	0.97
166721547	0.11382	80	60	0.485363926	0.305	0.97
166721548	0.48191	80	60	0.485363926	0.305	0.97
166721549	0.29654	80	60	0.485363926	0.305	0.97
166721551	0.23337	80	60	0.485363926	0.305	0.97
166721552	0.22802	80	60	0.485363926	0.305	0.97
166721553	0.11708	180	60	0.485363926	0.305	0.97
166721555	0.15712	80	60	0.485363926	0.305	0.97
166721557	0.22251	80	60	0.485363926	0.305	0.97
215113162	0.10889	80	60	0.485363926	0.305	0.97
215113163	1.93475	80	60	0.485363926	0.305	0.97
215113165	0.03816	80	60	0.485363926	0.305	0.97
215113166	0.12933	80	60	0.485363926	0.305	0.97
215113167	0.05026	80	60	0.485363926	0.305	0.97
215113169	0.08022	80	60	0.485363926	0.305	0.97
215113170	0.05459	80	60	0.485363926	0.305	0.97
215113171	0.07283	80	60	0.485363926	0.305	0.97
215113172	0.29459	80	60	0.485363926	0.305	0.97
215113173	0.08576	80	60	0.485363926	0.305	0.97
215118919	0.10025	80	60	0.485363926	0.305	0.97
215118920	0.25	80	60	0.485363926	0.305	0.97
215118921	0.11963	80	60	0.485363926	0.305	0.97
215118922	0.22254	80	60	0.485363926	0.305	0.97
215118923	2.42211	80	60	0.485363926	0.305	0.97
215118924	0.4691	80	60	0.485363926	0.305	0.97
215135595	0.14114	80	60	0.485363926	0.305	0.97
215135598	0.09938	80	60	0.485363926	0.305	0.97
215135600	0.18325	80	60	0.485363926	0.305	0.97
215397527	0.03053	80	60	0.485363926	0.305	0.97
215397528	0.0379	180	60	0.485363926	0.305	0.97
215397529	0.04563	80	60	0.485363926	0.305	0.97
215397531	0.03288	80	60	0.485363926	0.305	0.97
215397532	0.14025	80	60	0.485363926	0.305	0.97
215397536	0.0281	80	60	0.485363926	0.305	0.97
215492885	0.22406	80	60	0.485363926	0.305	0.97
215492889	0.31328	80	60	0.485363926	0.305	0.97
215573633	0.03426	280	60	0.485363926	0.305	0.97
215573634	0.04801	80	60	0.485363926	0.305	0.97
215573635	0.03405	80	60	0.485363926	0.305	0.97
215573636	1.51423	80	60	0.485363926	0.305	0.97
215573637	0.03832	80	60	0.485363926	0.305	0.97
215573638	0.03951	80	60	0.485363926	0.305	0.97
215573639	0.02953	80	60	0.485363926	0.305	0.97
215573640	0.14945	80	60	0.485363926	0.305	0.97
234853304	0.02894	80	60	0.485363926	0.305	0.97
264916646	0.61883	80	60	0.485363926	0.305	0.97
279540305	8.37748	80	60	0.485363926	0.305	0.97
279540310	3.34807	80	60	0.485363926	0.305	0.97
280342855	0.06202	80	60	0.485363926	0.305	0.97
280342861	0.11641	80	60	0.485363926	0.305	0.97
280343608	0.14322	80	60	0.485363926	0.305	0.97
280343611	0.10837	80	60	0.485363926	0.305	0.97
280343613	0.15843	80	60	0.485363926	0.305	0.97
280343615	0.12835	80	60	0.485363926	0.305	0.97
280346475	0.19639	80	60	0.485363926	0.305	0.97
280346476	0.09509	80	60	0.485363926	0.305	0.97
280346477	0.0622	80	60	0.485363926	0.305	0.97
280346478	0.09153	80	60	0.485363926	0.305	0.97
280346480	0.11217	80	60	0.485363926	0.305	0.97
280346482	0.11196	80	60	0.485363926	0.305	0.97
280346483	0.13921	80	60	0.485363926	0.305	0.97
280347363	0.07061	80	60	0.485363926	0.305	0.97
280347364	0.11194	80	60	0.485363926	0.305	0.97
280347365	0.04488	80	60	0.485363926	0.305	0.97
280348107	0.17991	80	60	0.485363926	0.305	0.97
292126951	1.68803	80	60	0.485363926	0.305	0.97
328558517	0.12516	80	60	0.485363926	0.305	0.97
328558520	0.61494	80	60	0.485363926	0.305	0.97
328558523	0.21655	80	60	0.485363926	0.305	0.97
328558525	0.21974	80	60	0.485363926	0.305	0.97
328558526	1.04612	80	60	0.485363926	0.305	0.97
328558538	0.28791	80	60	0.485363926	0.305	0.97
328558539	0.25278	187	60	0.485363926	0.305	0.97
328558540	0.28036	80	60	0.485363926	0.305	0.97
328558542	0.12363	80	60	0.485363926	0.305	0.97
328558543	1.07726	2580	80	0.485363926	0.305	0.9
328558544	0.03331	80	60	0.485363926	0.305	0.97
337156146	0.45549	80	60	0.485363926	0.305	0.97
337156147	0.52435	80	60	0.485363926	0.305	0.97
363197222	4.73932	80	60	0.485363926	0.305	0.97
363343321	29.90577	80	60	0.485363926	0.305	0.97
363803408	0.21783	80	60	0.485363926	0.305	0.97
374634645	5.57513	80	60	0.485363926	0.305	0.97
407952529	0.10178	80	60	0.485363926	0.305	0.97
415781956	1.0148	80	60	0.485363926	0.305	0.97
465174452	0.29109	80	60	0.485363926	0.305	0.97
505392468	0.08451	80	60	0.485363926	0.305	0.97
507242103	0.01388	80	60	0.485363926	0.305	0.97
507242108	0.38395	80	60	0.485363926	0.305	0.97
507242111	0.01462	80	60	0.485363926	0.305	0.97
507242115	0.46893	80	60	0.485363926	0.305	0.97
507242131	0.03214	80	60	0.485363926	0.305	0.97
507242135	0.03355	80	60	0.485363926	0.305	0.97
530737584	0.44257	80	60	0.485363926	0.305	0.97
530737585	0.12987	80	60	0.485363926	0.305	0.97
530737586	0.03608	80	60	0.485363926	0.305	0.97
530737589	0.12638	80	60	0.485363926	0.305	0.97
530737591	0.65639	80	60	0.485363926	0.305	0.97
530737592	1.13369	80	60	0.485363926	0.305	0.97
530737593	0.0259	180	60	0.485363926	0.305	0.97
530737594	0.08408	80	60	0.485363926	0.305	0.97
530740407	0.33894	80	60	0.485363926	0.305	0.97
530740408	0.24226	80	60	0.485363926	0.305	0.97
538086576	0.26099	80	60	0.485363926	0.305	0.97
538086577	0.06241	80	60	0.485363926	0.305	0.97
542419712	0.12671	80	60	0.485363926	0.305	0.97
544228973	0.06471	80	60	0.485363926	0.305	0.97
544228974	0.05851	380	60	0.485363926	0.305	0.97
544228975	0.05299	80	60	0.485363926	0.305	0.97
548575340	0.03202	80	60	0.485363926	0.305	0.97
548575341	0.04408	80	60	0.485363926	0.305	0.97
548575342	0.05961	80	60	0.485363926	0.305	0.97
558796888	0.08614	80	60	0.485363926	0.305	0.97
558796889	0.29352	80	60	0.485363926	0.305	0.97
558796890	0.12711	111	60	0.485363926	0.305	0.97
558796891	0.00972	80	60	0.485363926	0.305	0.97
558796892	0.26019	80	60	0.485363926	0.305	0.97
558796893	0.07119	80	60	0.485363926	0.305	0.97
558796894	0.18038	80	60	0.485363926	0.305	0.97
558796895	0.23145	80	60	0.485363926	0.305	0.97
558796896	0.10067	80	60	0.485363926	0.305	0.97
558803341	0.02308	80	60	0.485363926	0.305	0.97
558803342	0.01967	80	60	0.485363926	0.305	0.97
558803343	0.07386	80	60	0.485363926	0.305	0.97
558803344	0.15384	80	60	0.485363926	0.305	0.97
558864240	0.15058	80	60	0.485363926	0.305	0.97
558864242	0.06476	80	60	0.485363926	0.305	0.97
558864243	0.17371	80	60	0.485363926	0.305	0.97
558864244	0.05803	80	60	0.485363926	0.305	0.97
558864245	0.1462	220	60	0.485363926	0.305	0.97
558864246	0.08087	80	60	0.485363926	0.305	0.97
558864247	0.0827	80	60	0.485363926	0.305	0.97
558864248	0.03908	80	60	0.485363926	0.305	0.97
558864249	0.04258	80	60	0.485363926	0.305	0.97
558864250	0.07322	80	60	0.485363926	0.305	0.97
558864251	0.05961	80	60	0.485363926	0.305	0.97
558867032	0.05832	80	60	0.485363926	0.305	0.97
558867033	0.07559	80	60	0.485363926	0.305	0.97
558867034	0.04378	80	60	0.485363926	0.305	0.97
559069076	0.04158	80	60	0.485363926	0.305	0.97
559069078	0.09293	80	60	0.485363926	0.305	0.97
559069080	0.0079	80	60	0.485363926	0.305	0.97
559069082	0.13073	80	60	0.485363926	0.305	0.97
559069084	0.06148	80	60	0.485363926	0.305	0.97
559069085	0.04734	80	60	0.485363926	0.305	0.97
559069086	0.06335	80	60	0.485363926	0.305	0.97
559069087	0.06586	80	60	0.485363926	0.305	0.97
559069088	0.00737	80	60	0.485363926	0.305	0.97
559069089	0.1792	80	60	0.485363926	0.305	0.97
559069091	0.03043	80	60	0.485363926	0.305	0.97
559069092	0.02033	80	60	0.485363926	0.305	0.97
559095422	0.11855	80	60	0.485363926	0.305	0.97
559095423	0.1396	80	60	0.485363926	0.305	0.97
559095424	0.24308	670	60	0.485363926	0.305	0.97
559095425	0.16696	80	60	0.485363926	0.305	0.97
559103156	0.23195	80	60	0.485363926	0.305	0.97
559103157	0.17058	80	60	0.485363926	0.305	0.97
559103158	0.03884	80	60	0.485363926	0.305	0.97
559103159	0.05136	80	60	0.485363926	0.305	0.97
559103161	0.16047	80	60	0.485363926	0.305	0.97
559103162	0.05773	80	60	0.485363926	0.305	0.97
559103163	0.10142	80	60	0.485363926	0.305	0.97
559103164	0.09875	80	60	0.485363926	0.305	0.97
559103165	0.05881	80	60	0.485363926	0.305	0.97
559106889	0.53501	88	60	0.485363926	0.305	0.97
559106890	0.00695	80	60	0.485363926	0.305	0.97
559106891	0.09233	80	60	0.485363926	0.305	0.97
559106892	0.06437	80	60	0.485363926	0.305	0.97
559106893	0.10958	80	60	0.485363926	0.305	0.97
559106894	0.05917	80	60	0.485363926	0.305	0.97
559106895	0.08005	99	60	0.485363926	0.305	0.97
559106896	0.17025	80	60	0.485363926	0.305	0.97
559111781	0.09224	80	60	0.485363926	0.305	0.97
559142304	0.01418	80	60	0.485363926	0.305	0.97
559142305	0.00812	80	60	0.485363926	0.305	0.97
559142306	0.01431	680	60	0.485363926	0.305	0.97
559142307	0.00849	80	60	0.485363926	0.305	0.97
559142308	0.00739	80	60	0.485363926	0.305	0.97
559142309	0.00797	80	60	0.485363926	0.305	0.97
559142310	0.06486	810	60	0.485363926	0.305	0.97
559142329	0.02528	80	60	0.485363926	0.305	0.97
559142330	0.05035	80	60	0.485363926	0.305	0.97
559142331	0.02711	80	60	0.485363926	0.305	0.97
559174561	0.13322	80	60	0.485363926	0.305	0.97
559174562	0.17927	80	60	0.485363926	0.305	0.97
559174563	0.00845	860	60	0.485363926	0.305	0.97
559174564	0.01256	80	60	0.485363926	0.305	0.97
559174565	0.0136	80	60	0.485363926	0.305	0.97
559174566	0.04476	80	60	0.485363926	0.305	0.97
559174567	0.05998	80	60	0.485363926	0.305	0.97
559174570	0.57306	80	60	0.485363926	0.305	0.97
559174571	0.1537	80	60	0.485363926	0.305	0.97
560577491	0.41678	480	60	0.485363926	0.305	0.97
560577492	0.1307	80	60	0.485363926	0.305	0.97
560577493	0.09261	80	60	0.485363926	0.305	0.97
560577494	0.22356	80	60	0.485363926	0.305	0.97
564441298	5.62736	4350	100	0.485363926	0.305	0.97
567150471	0.07499	80	60	0.485363926	0.305	0.97
567150472	0.06527	680	60	0.485363926	0.305	0.97
567150473	0.04653	80	60	0.485363926	0.305	0.97
567150476	0.11342	80	60	0.485363926	0.305	0.97
568364486	0.48161	80	60	0.485363926	0.305	0.97
586290605	0.05912	380	60	0.485363926	0.305	0.97
586290607	0.0555	80	60	0.485363926	0.305	0.97
586290609	0.20422	80	60	0.485363926	0.305	0.97
586290611	0.17557	80	60	0.485363926	0.305	0.97
586290614	0.25393	80	60	0.485363926	0.305	0.97
586290616	0.13611	80	60	0.485363926	0.305	0.97
586290620	0.06583	80	60	0.485363926	0.305	0.97
586290622	0.03812	80	60	0.485363926	0.305	0.97
586290624	0.0315	80	60	0.485363926	0.305	0.97
586293949	0.08296	80	60	0.485363926	0.305	0.97
586293951	0.04596	80	60	0.485363926	0.305	0.97
586293952	0.22483	80	60	0.485363926	0.305	0.97
586360974	0.13256	80	60	0.485363926	0.305	0.97
586367387	0.1242	80	60	0.485363926	0.305	0.97
586367388	0.04362	80	60	0.485363926	0.305	0.97
586367389	0.01955	80	60	0.485363926	0.305	0.97
586367390	0.02267	80	60	0.485363926	0.305	0.97
586367391	0.51086	80	60	0.485363926	0.305	0.97
586373551	0.05305	80	60	0.485363926	0.305	0.97
586373552	0.06337	80	60	0.485363926	0.305	0.97
586373553	0.1113	80	60	0.485363926	0.305	0.97
586373554	0.20354	80	60	0.485363926	0.305	0.97
586373555	0.34882	80	60	0.485363926	0.305	0.97
586373556	0.20311	80	60	0.485363926	0.305	0.97
586373557	0.06331	80	60	0.485363926	0.305	0.97
586373558	0.22203	80	60	0.485363926	0.305	0.97
586624070	0.06477	80	60	0.485363926	0.305	0.97
586624071	0.11274	80	60	0.485363926	0.305	0.97
586626134	0.11381	80	60	0.485363926	0.305	0.97
586645793	0.11946	80	60	0.485363926	0.305	0.97
586645794	0.0908	80	60	0.485363926	0.305	0.97
586645795	0.11471	80	60	0.485363926	0.305	0.97
586645796	0.08423	80	60	0.485363926	0.305	0.97
586645797	0.07524	80	60	0.485363926	0.305	0.97
586645798	0.10779	80	60	0.485363926	0.305	0.97
586645799	0.14535	80	60	0.485363926	0.305	0.97
586656930	0.12522	80	60	0.485363926	0.305	0.97
586656931	0.08722	80	60	0.485363926	0.305	0.97
586656932	0.14194	80	60	0.485363926	0.305	0.97
586656933	0.13499	80	60	0.485363926	0.305	0.97
586656934	0.0212	80	60	0.485363926	0.305	0.97
586656935	0.22425	80	60	0.485363926	0.305	0.97
586656936	0.3638	80	60	0.485363926	0.305	0.97
586659408	0.03962	80	60	0.485363926	0.305	0.97
586659409	0.05316	80	60	0.485363926	0.305	0.97
586659410	0.06117	80	60	0.485363926	0.305	0.97
586659411	0.10564	80	60	0.485363926	0.305	0.97
586659412	0.07999	80	60	0.485363926	0.305	0.97
586662955	0.08664	80	60	0.485363926	0.305	0.97
586669619	0.02052	80	60	0.485363926	0.305	0.97
586669620	0.02071	80	60	0.485363926	0.305	0.97
586669621	0.04078	80	60	0.485363926	0.305	0.97
586669622	0.13208	80	60	0.485363926	0.305	0.97
587132628	0.78099	80	60	0.485363926	0.305	0.97
587132629	0.75047	80	60	0.485363926	0.305	0.97
587132630	0.85729	80	60	0.485363926	0.305	0.97
587359857	0.01299	80	60	0.485363926	0.305	0.97
587359858	0.01359	80	60	0.485363926	0.305	0.97
587359859	1.70508	80	60	0.485363926	0.305	0.97
587361889	0.03344	80	60	0.485363926	0.305	0.97
587361891	0.05438	80	60	0.485363926	0.305	0.97
587361892	0.05547	80	60	0.485363926	0.305	0.97
595620127	0.09581	80	60	0.485363926	0.305	0.97
595880612	0.08192	80	60	0.485363926	0.305	0.97
595880613	0.05334	80	60	0.485363926	0.305	0.97
596634604	0.0211	80	60	0.485363926	0.305	0.97
596634608	0.09199	80	60	0.485363926	0.305	0.97
596634626	0.10985	80	60	0.485363926	0.305	0.97
596634627	0.02704	80	60	0.485363926	0.305	0.97
596634628	0.08167	80	60	0.485363926	0.305	0.97
596634642	0.05111	80	60	0.485363926	0.305	0.97
596634643	0.02794	80	60	0.485363926	0.305	0.97
596634644	0.02817	80	60	0.485363926	0.305	0.97
597498790	0.06902	80	60	0.485363926	0.305	0.97
598412504	0.0544	80	60	0.485363926	0.305	0.97
598412505	0.02697	80	60	0.485363926	0.305	0.97
598412506	0.0733	80	60	0.485363926	0.305	0.97
598412507	0.0273	80	60	0.485363926	0.305	0.97
598412508	0.28374	80	60	0.485363926	0.305	0.97
598412510	0.03817	80	60	0.485363926	0.305	0.97
598412511	0.2277	80	60	0.485363926	0.305	0.97
598412512	0.0384	80	60	0.485363926	0.305	0.97
598412513	0.02286	80	60	0.485363926	0.305	0.97
598656252	0.05919	80	60	0.485363926	0.305	0.97
598656253	0.14022	850	60	0.485363926	0.305	0.97
598656478	0.18152	80	60	0.485363926	0.305	0.97
598999098	0.02416	80	60	0.485363926	0.305	0.97
599054475	0.02287	80	60	0.485363926	0.305	0.97
599054476	0.0085	80	60	0.485363926	0.305	0.97
599054477	0.04914	80	60	0.485363926	0.305	0.97
599054478	0.02689	89	60	0.485363926	0.305	0.97
604051579	0.21201	80	60	0.485363926	0.305	0.97
604051581	0.07799	80	60	0.485363926	0.305	0.97
604051583	0.07734	80	60	0.485363926	0.305	0.97
604051584	0.01595	80	60	0.485363926	0.305	0.97
604051586	0.0818	80	60	0.485363926	0.305	0.97
604386589	0.08269	80	60	0.485363926	0.305	0.97
604386593	0.01385	80	60	0.485363926	0.305	0.97
604386614	0.06836	80	60	0.485363926	0.305	0.97
604386616	0.13315	80	60	0.485363926	0.305	0.97
604386618	0.09201	80	60	0.485363926	0.305	0.97
604386619	0.11876	80	60	0.485363926	0.305	0.97
608838352	0.05522	80	60	0.485363926	0.305	0.97
640507507	0.02194	80	60	0.485363926	0.305	0.97
640507508	0.02319	80	60	0.485363926	0.305	0.97
640507509	0.01959	80	60	0.485363926	0.305	0.97
640507510	0.03311	80	60	0.485363926	0.305	0.97
640507511	0.01772	80	60	0.485363926	0.305	0.97
640507512	0.02017	80	60	0.485363926	0.305	0.97
640507513	0.56902	80	60	0.485363926	0.305	0.97
654211003	0.81611	80	60	0.485363926	0.305	0.97
670148888	21.96127	80	60	0.485363926	0.305	0.97
671518073	0.03641	80	60	0.485363926	0.305	0.97
671518107	0.19666	80	60	0.485363926	0.305	0.97
671558236	2.99116	80	60	0.485363926	0.305	0.97
671568501	1.72272	80	60	0.485363926	0.305	0.97
671587369	0.17469	80	60	0.485363926	0.305	0.97
671991258	0.21343	80	60	0.485363926	0.305	0.97
671991264	0.03115	80	60	0.485363926	0.305	0.97
671991265	0.00776	80	60	0.485363926	0.305	0.97
671991267	0.22068	80	60	0.485363926	0.305	0.97
671991268	0.23036	80	60	0.485363926	0.305	0.97
671991282	0.20695	80	60	0.485363926	0.305	0.97
671991283	0.19093	80	60	0.485363926	0.305	0.97
672092062	0.1827	80	60	0.485363926	0.305	0.97
672092064	0.08963	80	60	0.485363926	0.305	0.97
672092066	0.09415	80	60	0.485363926	0.305	0.97
672092068	0.12431	80	60	0.485363926	0.305	0.97
672092070	0.27204	80	60	0.485363926	0.305	0.97
672092121	0.08031	80	60	0.485363926	0.305	0.97
672092185	0.07986	80	60	0.485363926	0.305	0.97
672092188	0.04972	80	60	0.485363926	0.305	0.97
672092190	0.09584	80	60	0.485363926	0.305	0.97
679723478	0.08318	80	60	0.485363926	0.305	0.97
679723479	0.03782	870	60	0.485363926	0.305	0.97
679734356	0.04713	80	60	0.485363926	0.305	0.97
679734357	0.04418	80	60	0.485363926	0.305	0.97
679734358	0.04469	80	60	0.485363926	0.305	0.97
679734359	0.07712	80	60	0.485363926	0.305	0.97
704783392	0.07394	80	60	0.485363926	0.305	0.97
705789473	0.69243	80	60	0.485363926	0.305	0.97
705789474	0.0106	80	60	0.485363926	0.305	0.97
705789475	0.00647	80	60	0.485363926	0.305	0.97
705789476	0.0066	80	60	0.485363926	0.305	0.97
705789477	0.03916	300	60	0.485363926	0.305	0.97
705796799	0.0545	80	60	0.485363926	0.305	0.97
705875890	0.16253	80	60	0.485363926	0.305	0.97
705875891	0.11596	80	60	0.485363926	0.305	0.97
705949460	0.1349	80	60	0.485363926	0.305	0.97
705957739	0.17832	80	60	0.485363926	0.305	0.97
705957740	0.11083	80	60	0.485363926	0.305	0.97
706086648	0.02522	80	60	0.485363926	0.305	0.97
707000522	0.09326	80	60	0.485363926	0.305	0.97
707000558	0.05013	80	60	0.485363926	0.305	0.97
707000559	0.05469	80	60	0.485363926	0.305	0.97
707000560	0.03536	80	60	0.485363926	0.305	0.97
707240931	0.22551	80	60	0.485363926	0.305	0.97
707240932	0.54211	80	60	0.485363926	0.305	0.97
707240933	0.43859	80	60	0.485363926	0.305	0.97
707240934	0.34094	80	60	0.485363926	0.305	0.97
707240935	0.01902	80	60	0.485363926	0.305	0.97
725318500	0.13083	80	60	0.485363926	0.305	0.97
725840253	0.04191	80	60	0.485363926	0.305	0.97
725840254	0.03093	80	60	0.485363926	0.305	0.97
726032359	0.12072	80	60	0.485363926	0.305	0.97
726048574	0.02766	80	60	0.485363926	0.305	0.97
726048575	0.03974	80	60	0.485363926	0.305	0.97
726048576	0.00577	80	60	0.485363926	0.305	0.97
726120354	0.4162	80	60	0.485363926	0.305	0.97
726603841	0.03865	80	60	0.485363926	0.305	0.97
726603842	0.07796	80	60	0.485363926	0.305	0.97
726614970	0.18642	180	60	0.485363926	0.305	0.97
726625445	0.07207	80	60	0.485363926	0.305	0.97
726625446	0.07263	80	60	0.485363926	0.305	0.97
726625447	0.07277	80	60	0.485363926	0.305	0.97
726625448	0.12188	80	60	0.485363926	0.305	0.97
726625449	0.08396	80	60	0.485363926	0.305	0.97
726625450	0.0105	80	60	0.485363926	0.305	0.97
726625451	0.13038	80	60	0.485363926	0.305	0.97
726625452	0.10911	80	60	0.485363926	0.305	0.97
726625453	0.10337	80	60	0.485363926	0.305	0.97
726625454	0.10574	80	60	0.485363926	0.305	0.97
726625455	0.1058	80	60	0.485363926	0.305	0.97
726625456	0.10576	80	60	0.485363926	0.305	0.97
726625457	0.10627	80	60	0.485363926	0.305	0.97
726625458	0.10466	80	60	0.485363926	0.305	0.97
726625459	0.10234	80	60	0.485363926	0.305	0.97
726625460	0.09937	80	60	0.485363926	0.305	0.97
726625461	0.22779	80	60	0.485363926	0.305	0.97
726625462	0.24123	80	60	0.485363926	0.305	0.97
726625463	0.12463	80	60	0.485363926	0.305	0.97
727640497	0.03119	80	60	0.485363926	0.305	0.97
727640498	0.10216	80	60	0.485363926	0.305	0.97
727640499	0.09358	80	60	0.485363926	0.305	0.97
727640500	0.05739	80	60	0.485363926	0.305	0.97
727640501	0.28658	80	60	0.485363926	0.305	0.97
727691925	0.04978	80	60	0.485363926	0.305	0.97
727691926	0.05811	80	60	0.485363926	0.305	0.97
738073128	0.05023	80	60	0.485363926	0.305	0.97
738073129	0.14961	80	60	0.485363926	0.305	0.97
738186624	0.11756	80	60	0.485363926	0.305	0.97
738186684	0.02494	80	60	0.485363926	0.305	0.97
738186685	0.05824	80	60	0.485363926	0.305	0.97
738389275	0.03823	80	60	0.485363926	0.305	0.97
738389276	0.01179	280	60	0.485363926	0.305	0.97
738389277	0.072	80	60	0.485363926	0.305	0.97
738389278	0.17904	80	60	0.485363926	0.305	0.97
738399150	0.04406	80	60	0.485363926	0.305	0.97
738399151	0.10273	80	60	0.485363926	0.305	0.97
738425593	0.0562	80	60	0.485363926	0.305	0.97
738430952	0.10612	80	60	0.485363926	0.305	0.97
738430953	0.15287	80	60	0.485363926	0.305	0.97
738430954	0.0674	80	60	0.485363926	0.305	0.97
738430955	0.0684	80	60	0.485363926	0.305	0.97
738430956	0.06831	80	60	0.485363926	0.305	0.97
738430957	0.22527	80	60	0.485363926	0.305	0.97
738528611	0.06143	80	60	0.485363926	0.305	0.97
738901905	0.65472	80	60	0.485363926	0.305	0.97
738901916	0.65842	80	60	0.485363926	0.305	0.97
739545846	0.19128	80	60	0.485363926	0.305	0.97
740626968	0.3428	80	60	0.485363926	0.305	0.97
740626969	0.38129	80	60	0.485363926	0.305	0.97
740626970	0.12143	80	60	0.485363926	0.305	0.97
740626971	0.45487	80	60	0.485363926	0.305	0.97
740626972	1.16662	80	60	0.485363926	0.305	0.97
742147486	0.03809	80	60	0.485363926	0.305	0.97
742147487	0.22249	80	60	0.485363926	0.305	0.97
746415945	0.02556	80	60	0.485363926	0.305	0.97
746415951	0.07195	80	60	0.485363926	0.305	0.97
746415990	0.08739	80	60	0.485363926	0.305	0.97
748842479	0.05971	80	60	0.485363926	0.305	0.97
748842487	0.04097	80	60	0.485363926	0.305	0.97
748842489	0.12464	80	60	0.485363926	0.305	0.97
748842494	0.06811	80	60	0.485363926	0.305	0.97
748842495	0.06858	80	60	0.485363926	0.305	0.97
748842496	0.11785	80	60	0.485363926	0.305	0.97
748842497	0.16055	80	60	0.485363926	0.305	0.97
748842498	0.26523	80	60	0.485363926	0.305	0.97
748842499	0.03701	80	60	0.485363926	0.305	0.97
748842500	0.15661	80	60	0.485363926	0.305	0.97
748842501	0.03947	80	60	0.485363926	0.305	0.97
752842530	0.16528	80	60	0.485363926	0.305	0.97
752842531	0.1445	80	60	0.485363926	0.305	0.97
752842532	0.08488	80	60	0.485363926	0.305	0.97
752842533	0.13566	80	60	0.485363926	0.305	0.97
752842534	0.05883	80	60	0.485363926	0.305	0.97
752842535	0.05573	80	60	0.485363926	0.305	0.97
752842536	0.11275	80	60	0.485363926	0.305	0.97
752842537	0.08923	80	60	0.485363926	0.305	0.97
761624993	0.11193	80	60	0.485363926	0.305	0.97
761869392	0.13307	80	60	0.485363926	0.305	0.97
761872268	0.5881	80	60	0.485363926	0.305	0.97
762582690	1.20818	80	60	0.485363926	0.305	0.97
773481416	0.02071	99	60	0.485363926	0.305	0.97
781859451	0.1697	80	60	0.485363926	0.305	0.97
783370930	0.00064	80	60	0.485363926	0.305	0.97
783370931	0.27378	80	60	0.485363926	0.305	0.97
783370932	0.00139	80	60	0.485363926	0.305	0.97
783370933	0.01113	80	60	0.485363926	0.305	0.97
783370934	0.36672	80	60	0.485363926	0.305	0.97
784134464	0.06937	80	60	0.485363926	0.305	0.97
784135546	0.08253	80	60	0.485363926	0.305	0.97
784657189	0.11544	80	60	0.485363926	0.305	0.97
784960380	0.06161	80	60	0.485363926	0.305	0.97
784992305	0.14087	80	60	0.485363926	0.305	0.97
785000758	0.09349	80	60	0.485363926	0.305	0.97
786962823	0.1745	80	60	0.485363926	0.305	0.97
790722715	0.06161	80	60	0.485363926	0.305	0.97
806330696	0.04547	80	60	0.485363926	0.305	0.97
806330697	0.04299	80	60	0.485363926	0.305	0.97
806330698	0.04828	80	60	0.485363926	0.305	0.97
806330699	0.0493	80	60	0.485363926	0.305	0.97
806330700	0.0498	80	60	0.485363926	0.305	0.97
806330701	0.05099	80	60	0.485363926	0.305	0.97
806330702	0.05137	80	60	0.485363926	0.305	0.97
806330703	0.14336	80	60	0.485363926	0.305	0.97
828125159	0.15733	80	60	0.485363926	0.305	0.97
828125160	0.15425	80	60	0.485363926	0.305	0.97
828778192	0.04778	80	60	0.485363926	0.305	0.97
828778193	0.11191	80	60	0.485363926	0.305	0.97
828784155	0.06507	80	60	0.485363926	0.305	0.97
828784156	0.09536	34	60	0.485363926	0.305	0.97
828784157	0.02012	80	60	0.485363926	0.305	0.97
828790690	0.0769	80	60	0.485363926	0.305	0.97
828790691	0.05939	80	60	0.485363926	0.305	0.97
828790692	0.05138	80	60	0.485363926	0.305	0.97
828804910	0.10586	80	60	0.485363926	0.305	0.97
828805446	0.07774	80	60	0.485363926	0.305	0.97
828805447	0.06181	80	60	0.485363926	0.305	0.97
828805448	0.02951	80	60	0.485363926	0.305	0.97
829098108	0.0552	80	60	0.485363926	0.305	0.97
832537712	0.03622	80	60	0.485363926	0.305	0.97
847600053	0.01614	80	60	0.485363926	0.305	0.97
848006212	0.19516	80	60	0.485363926	0.305	0.97
848006213	0.1021	80	60	0.485363926	0.305	0.97
848006214	0.19044	80	60	0.485363926	0.305	0.97
848006215	0.01173	80	60	0.485363926	0.305	0.97
848006216	0.13312	80	60	0.485363926	0.305	0.97
848006217	0.05933	80	60	0.485363926	0.305	0.97
848274892	0.20503	80	60	0.485363926	0.305	0.97
848274893	0.02872	80	60	0.485363926	0.305	0.97
848278699	0.09839	80	60	0.485363926	0.305	0.97
848278700	0.14918	80	60	0.485363926	0.305	0.97
848278701	0.07158	80	60	0.485363926	0.305	0.97
848278702	0.03412	80	60	0.485363926	0.305	0.97
848278703	0.15373	80	60	0.485363926	0.305	0.97
848278704	0.03884	80	60	0.485363926	0.305	0.97
848278705	0.16431	80	60	0.485363926	0.305	0.97
848278706	0.19343	80	60	0.485363926	0.305	0.97
848278707	0.05579	80	60	0.485363926	0.305	0.97
848278708	0.18013	80	60	0.485363926	0.305	0.97
848278709	0.2729	80	60	0.485363926	0.305	0.97
848278710	0.0592	80	60	0.485363926	0.305	0.97
848278711	0.05901	80	60	0.485363926	0.305	0.97
848278712	0.05877	80	60	0.485363926	0.305	0.97
848292099	0.07625	80	60	0.485363926	0.305	0.97
850016413	0.1081	80	60	0.485363926	0.305	0.97
850016414	0.09285	80	60	0.485363926	0.305	0.97
850016415	0.54262	70	60	0.485363926	0.305	0.97
850016416	0.35122	80	60	0.485363926	0.305	0.97
850016417	0.05314	80	60	0.485363926	0.305	0.97
850016418	0.05438	80	60	0.485363926	0.305	0.97
850016419	0.05799	80	60	0.485363926	0.305	0.97
850016420	0.06034	80	60	0.485363926	0.305	0.97
850016421	0.06191	80	60	0.485363926	0.305	0.97
850016422	0.06283	80	60	0.485363926	0.305	0.97
850016423	0.03319	80	60	0.485363926	0.305	0.97
850016424	0.04059	80	60	0.485363926	0.305	0.97
850016425	0.02479	80	60	0.485363926	0.305	0.97
850016426	0.02759	80	60	0.485363926	0.305	0.97
850016427	0.02792	80	60	0.485363926	0.305	0.97
850016428	0.18273	80	60	0.485363926	0.305	0.97
850016429	0.03735	80	60	0.485363926	0.305	0.97
850016431	0.04658	80	60	0.485363926	0.305	0.97
850016432	0.01976	80	60	0.485363926	0.305	0.97
850016433	0.06768	80	60	0.485363926	0.305	0.97
850016434	0.13138	80	60	0.485363926	0.305	0.97
850016435	0.07421	80	60	0.485363926	0.305	0.97
850016436	0.0631	80	60	0.485363926	0.305	0.97
850016437	0.09065	80	60	0.485363926	0.305	0.97
850016438	0.0587	80	60	0.485363926	0.305	0.97
850016439	0.15984	80	60	0.485363926	0.305	0.97
850019005	0.58757	80	60	0.485363926	0.305	0.97
850019007	0.0746	80	60	0.485363926	0.305	0.97
893442162	0.11253	80	60	0.485363926	0.305	0.97
922935441	0.01646	80	60	0.485363926	0.305	0.97
946957852	0.06283	80	60	0.485363926	0.305	0.97
946957853	0.12008	80	60	0.485363926	0.305	0.97
961575545	0.01875	80	60	0.485363926	0.305	0.97
961575546	0.31948	80	60	0.485363926	0.305	0.97
964252831	0.18853	80	60	0.485363926	0.305	0.97
976794867	0.13135	90	60	0.485363926	0.305	0.97
1016926882	0.16902	80	60	0.485363926	0.305	0.97
1016926883	0.02084	80	60	0.485363926	0.305	0.97
1016926884	0.02063	80	60	0.485363926	0.305	0.97
1016926885	0.02071	80	60	0.485363926	0.305	0.97
1016926886	0.02037	80	60	0.485363926	0.305	0.97
1016926887	0.02145	80	60	0.485363926	0.305	0.97
1018978301	0.03583	70	60	0.485363926	0.305	0.97
1018978387	0.14239	80	60	0.485363926	0.305	0.97
1019903920	0.23263	80	60	0.485363926	0.305	0.97
1019983616	0.09351	80	60	0.485363926	0.305	0.97
1019983752	0.10642	80	60	0.485363926	0.305	0.97
1019984007	0.1731	80	60	0.485363926	0.305	0.97
1019984208	0.20547	80	60	0.485363926	0.305	0.97
1034067155	0.09751	80	60	0.485363926	0.305	0.97
1034737959	0.06486	80	60	0.485363926	0.305	0.97
1034738783	0.07479	80	60	0.485363926	0.305	0.97
1061539536	0.03406	60	60	0.485363926	0.305	0.97
1061543655	0.03598	80	60	0.485363926	0.305	0.97
1061543656	0.01458	80	60	0.485363926	0.305	0.97
1061543657	0.16728	80	60	0.485363926	0.305	0.97
1061543658	0.00686	80	60	0.485363926	0.305	0.97
1061543659	0.10872	80	60	0.485363926	0.305	0.97
1061543660	0.1572	80	60	0.485363926	0.305	0.97
1064238688	0.13	80	60	0.485363926	0.305	0.97
1065026752	0.02904	80	60	0.485363926	0.305	0.97
1065026753	0.10818	80	60	0.485363926	0.305	0.97
1067200367	0.03397	80	60	0.485363926	0.305	0.97
1067200368	0.02731	80	60	0.485363926	0.305	0.97
1067200369	0.10897	80	60	0.485363926	0.305	0.97
1071098798	6.85942	80	60	0.485363926	0.305	0.97
1077857053	0.05255	80	60	0.485363926	0.305	0.97
1090001741	0.05295	80	60	0.485363926	0.305	0.97
1095064925	0.00934	80	60	0.485363926	0.305	0.97
1095064926	0.0243	80	60	0.485363926	0.305	0.97
1095064927	0.09186	80	60	0.485363926	0.305	0.97
1095064928	0.02612	80	60	0.485363926	0.305	0.97
1095064929	0.08283	80	60	0.485363926	0.305	0.97
1095064930	0.07072	80	60	0.485363926	0.305	0.97
1095064931	0.03933	80	60	0.485363926	0.305	0.97
1104860632	0.01089	80	60	0.485363926	0.305	0.97
1104860633	0.02914	80	60	0.485363926	0.305	0.97
1104860634	0.06482	80	60	0.485363926	0.305	0.97
1104863972	0.01269	80	60	0.485363926	0.305	0.97
1104863973	0.07964	80	60	0.485363926	0.305	0.97
1104863974	0.01453	80	60	0.485363926	0.305	0.97
1104863975	0.02388	80	60	0.485363926	0.305	0.97
1113603142	0.6775	80	60	0.485363926	0.305	0.97
1113603144	0.71364	80	60	0.485363926	0.305	0.97
1114808435	0.04704	80	60	0.485363926	0.305	0.97
1114808436	0.0677	80	60	0.485363926	0.305	0.97
1114808437	0.02984	80	60	0.485363926	0.305	0.97
1114808438	0.32224	80	60	0.485363926	0.305	0.97
1116495243	0.05982	80	60	0.485363926	0.305	0.97
1116495244	0.01368	80	60	0.485363926	0.305	0.97
1117087941	0.03555	80	60	0.485363926	0.305	0.97
1123857551	0.02068	80	60	0.485363926	0.305	0.97
1123857552	0.03268	80	60	0.485363926	0.305	0.97
1123857553	0.0391	80	60	0.485363926	0.305	0.97
1123857554	0.06774	80	60	0.485363926	0.305	0.97
1134431189	0.02662	80	60	0.485363926	0.305	0.97
1134431190	0.04919	80	60	0.485363926	0.305	0.97
1134431191	0.0337	80	60	0.485363926	0.305	0.97
1134431192	0.01974	80	60	0.485363926	0.305	0.97
1134431193	0.05241	80	60	0.485363926	0.305	0.97
1134431196	0.07523	80	60	0.485363926	0.305	0.97
1134431197	0.05196	80	60	0.485363926	0.305	0.97
1134431198	0.02758	80	60	0.485363926	0.305	0.97
1134431199	0.02368	80	60	0.485363926	0.305	0.97
1135214790	0.07412	80	60	0.485363926	0.305	0.97
1135217831	0.05683	80	60	0.485363926	0.305	0.97
1145099190	0.14452	80	60	0.485363926	0.305	0.97
1145594420	0.07014	80	60	0.485363926	0.305	0.97
1148432150	0.06301	80	60	0.485363926	0.305	0.97
1150644724	0.04641	80	60	0.485363926	0.305	0.97
1150644725	0.04734	80	60	0.485363926	0.305	0.97
1150644726	0.03401	80	60	0.485363926	0.305	0.97
1150644727	0.04455	80	60	0.485363926	0.305	0.97
1150644728	0.04302	80	60	0.485363926	0.305	0.97
1150644729	0.05535	80	60	0.485363926	0.305	0.97
1150644730	0.05698	80	60	0.485363926	0.305	0.97
1150644731	0.08932	80	60	0.485363926	0.305	0.97
1153508921	0.10402	80	60	0.485363926	0.305	0.97
1153508922	0.13551	80	60	0.485363926	0.305	0.97
1153508923	0.50544	80	60	0.485363926	0.305	0.97
1153508924	0.10515	80	60	0.485363926	0.305	0.97
1153508925	0.52336	80	60	0.485363926	0.305	0.97
1158760738	0.10688	80	60	0.485363926	0.305	0.97
1158760739	0.09115	80	60	0.485363926	0.305	0.97
1158917520	0.13187	80	60	0.485363926	0.305	0.97
1159836127	0.06642	80	60	0.485363926	0.305	0.97
1159836128	0.0508	80	60	0.485363926	0.305	0.97
1159836129	0.07971	80	60	0.485363926	0.305	0.97
1159836130	0.08941	80	60	0.485363926	0.305	0.97
1163525563	0.0046	80	60	0.485363926	0.305	0.97
1163525564	0.02977	80	60	0.485363926	0.305	0.97
1163565015	0.06203	480	60	0.485363926	0.305	0.97
1168461160	0.03295	80	60	0.485363926	0.305	0.97
1168461161	0.06348	80	60	0.485363926	0.305	0.97
1168461162	0.06545	80	60	0.485363926	0.305	0.97
1168461163	0.08713	80	60	0.485363926	0.305	0.97
1168461164	0.07316	80	60	0.485363926	0.305	0.97
1177426571	0.04968	80	60	0.485363926	0.305	0.97
1177426572	0.06856	80	60	0.485363926	0.305	0.97
1177523237	0.04595	80	60	0.485363926	0.305	0.97
1177523238	0.05949	80	60	0.485363926	0.305	0.97
1177523239	0.0482	80	60	0.485363926	0.305	0.97
1177523240	0.06952	80	60	0.485363926	0.305	0.97
1177523241	0.02065	80	60	0.485363926	0.305	0.97
1177523242	0.04772	80	60	0.485363926	0.305	0.97
1180368345	0.0956	80	60	0.485363926	0.305	0.97
1187190269	0.06431	80	60	0.485363926	0.305	0.97
1187190270	0.06723	80	60	0.485363926	0.305	0.97
1192333572	0.00935	80	60	0.485363926	0.305	0.97
1192333573	0.00875	80	60	0.485363926	0.305	0.97
1198554569	0.25827	80	60	0.485363926	0.305	0.97
1206231726	0.02994	80	60	0.485363926	0.305	0.97
1207723658	0.01264	80	60	0.485363926	0.305	0.97
1207723659	0.03997	80	60	0.485363926	0.305	0.97
1207723664	0.27463	80	60	0.485363926	0.305	0.97
1207723665	0.03971	80	60	0.485363926	0.305	0.97
1207723666	0.03154	80	60	0.485363926	0.305	0.97
1207723667	0.01116	80	60	0.485363926	0.305	0.97
1207723668	0.11452	800	60	0.485363926	0.305	0.97
1207723669	0.13832	80	60	0.485363926	0.305	0.97
1207723670	0.01549	80	60	0.485363926	0.305	0.97
1207723671	0.04558	80	60	0.485363926	0.305	0.97
1216150989	0.06014	80	60	0.485363926	0.305	0.97
1216150990	0.04495	80	60	0.485363926	0.305	0.97
1216150991	0.0386	80	60	0.485363926	0.305	0.97
1216150992	0.08044	80	60	0.485363926	0.305	0.97
1216150993	0.10038	80	60	0.485363926	0.305	0.97
1229195575	0.1532	80	60	0.485363926	0.305	0.97
1229224846	0.01802	70	60	0.485363926	0.305	0.97
1229224847	0.10736	80	60	0.485363926	0.305	0.97
1229251804	0.06293	80	60	0.485363926	0.305	0.97
1229605446	0.01918	80	60	0.485363926	0.305	0.97
1229605447	0.09106	80	60	0.485363926	0.305	0.97
1229625078	0.04362	80	60	0.485363926	0.305	0.97
1230229568	0.48166	80	60	0.485363926	0.305	0.97
1230524193	0.0761	80	60	0.485363926	0.305	0.97
1253618187	0.05786	80	60	0.485363926	0.305	0.97
1255426305	0.05845	80	60	0.485363926	0.305	0.97
1255426306	0.08454	80	60	0.485363926	0.305	0.97
1288242710	0.10077	80	60	0.485363926	0.305	0.97
1288242711	0.00753	80	60	0.485363926	0.305	0.97
1288242712	0.01219	80	60	0.485363926	0.305	0.97
1288242713	0.05311	80	60	0.485363926	0.305	0.97
1288242714	0.06739	80	60	0.485363926	0.305	0.97
1305869053	0.06634	80	60	0.485363926	0.305	0.97
1305869054	0.07405	80	60	0.485363926	0.305	0.97
1305869055	0.0177	80	60	0.485363926	0.305	0.97
1305869056	0.02423	80	60	0.485363926	0.305	0.97
1305869057	0.05087	80	60	0.485363926	0.305	0.97
1305869058	0.03733	80	60	0.485363926	0.305	0.97
1305869059	0.14813	80	60	0.485363926	0.305	0.97
1313134903	0.07679	80	60	0.485363926	0.305	0.97
1313134904	0.07392	80	60	0.485363926	0.305	0.97
1313134905	0.06727	80	60	0.485363926	0.305	0.97
1313134906	0.10633	80	60	0.485363926	0.305	0.97
1314270806	0.08732	80	60	0.485363926	0.305	0.97
1314270807	0.03899	80	60	0.485363926	0.305	0.97
1314270808	0.06793	80	60	0.485363926	0.305	0.97
1321599125	0.46763	80	60	0.485363926	0.305	0.97
1321599126	0.00638	80	60	0.485363926	0.305	0.97
1321599127	0.01203	80	60	0.485363926	0.305	0.97
1321599128	0.00875	80	60	0.485363926	0.305	0.97
1321606439	0.01675	80	60	0.485363926	0.305	0.97
1323006303	0.15658	80	60	0.485363926	0.305	0.97
1323096799	0.01301	80	60	0.485363926	0.305	0.97
1323096800	0.08202	80	60	0.485363926	0.305	0.97
1323096801	0.16224	80	60	0.485363926	0.305	0.97
1323096802	0.02361	80	60	0.485363926	0.305	0.97
1323096803	0.00276	80	60	0.485363926	0.305	0.97
1323096804	0.00637	80	60	0.485363926	0.305	0.97
1343490172	0.13988	80	60	0.485363926	0.305	0.97
1343552412	0.08668	80	60	0.485363926	0.305	0.97
1343936056	0.09943	80	60	0.485363926	0.305	0.97
1343936057	0.00696	80	60	0.485363926	0.305	0.97
1343936058	0.00639	80	60	0.485363926	0.305	0.97
1343936059	0.01795	80	60	0.485363926	0.305	0.97
1348856287	0.08108	80	60	0.485363926	0.305	0.97
1348856288	0.05311	80	60	0.485363926	0.305	0.97
1348856289	0.06614	80	60	0.485363926	0.305	0.97
1353974308	0.05018	80	60	0.485363926	0.305	0.97
1353974309	0.06015	680	60	0.485363926	0.305	0.97
1353974310	0.05354	80	60	0.485363926	0.305	0.97
1353974311	0.08219	80	60	0.485363926	0.305	0.97
1378279404	0.02061	80	60	0.485363926	0.305	0.97
1384087782	12.87015	80	60	0.485363926	0.305	0.97
1384087786	6.93335	80	60	0.485363926	0.305	0.97
1384087788	7.97391	80	60	0.485363926	0.305	0.97
1384087793	6.6335	80	60	0.485363926	0.305	0.97
1384087802	3.31085	80	60	0.485363926	0.305	0.97
1384087808	1.64465	80	60	0.485363926	0.305	0.97
1384087818	78.04134	80	60	0.485363926	0.305	0.97
1384087821	9.8033	68	60	0.485363926	0.305	0.97
1384087825	33.32882	80	60	0.485363926	0.305	0.97
1384087827	37.92885	80	60	0.485363926	0.305	0.97
1384087828	23.72959	80	60	0.485363926	0.305	0.97
1384087829	9.61797	80	60	0.485363926	0.305	0.97
1384087830	65.45205	80	60	0.485363926	0.305	0.97
1384087831	30.67329	80	60	0.485363926	0.305	0.97
1384087832	9.08783	80	60	0.485363926	0.305	0.97
1384087838	21.82843	80	60	0.485363926	0.305	0.97
1384089638	22.13663	80	60	0.485363926	0.305	0.97
1384089639	19.25096	80	60	0.485363926	0.305	0.97
1388160873	0.01313	80	60	0.485363926	0.305	0.97
1389869748	0.03536	80	60	0.485363926	0.305	0.97
1408856047	0.01889	80	60	0.485363926	0.305	0.97
1408856048	0.17172	80	60	0.485363926	0.305	0.97
1413602254	0.02697	80	60	0.485363926	0.305	0.97
1413602255	0.02657	80	60	0.485363926	0.305	0.97
1413602256	0.03526	80	60	0.485363926	0.305	0.97
1413602257	0.03452	80	60	0.485363926	0.305	0.97
1413602258	0.04769	80	60	0.485363926	0.305	0.97
1413602259	0.04596	80	60	0.485363926	0.305	0.97
1413604291	0.06026	80	60	0.485363926	0.305	0.97
1418560366	0.03801	80	60	0.485363926	0.305	0.97
1418560367	0.02739	80	60	0.485363926	0.305	0.97
1418560368	0.06826	80	60	0.485363926	0.305	0.97
1418560369	0.08759	80	60	0.485363926	0.305	0.97
1418563858	0.01677	80	60	0.485363926	0.305	0.97
1418563859	0.04083	80	60	0.485363926	0.305	0.97
1418563860	0.02501	80	60	0.485363926	0.305	0.97
1418563861	0.25904	80	60	0.485363926	0.305	0.97
1418927734	0.11252	80	60	0.485363926	0.305	0.97
1418964599	0.06911	80	60	0.485363926	0.305	0.97
1420855045	22.93902	80	60	0.485363926	0.305	0.97
1421786241	0.00691	80	60	0.485363926	0.305	0.97
1421786242	0.01183	80	60	0.485363926	0.305	0.97
1421786243	0.02686	80	60	0.485363926	0.305	0.97
1426693845	0.01714	280	60	0.485363926	0.305	0.97
1426693846	0.121	80	60	0.485363926	0.305	0.97
1442933970	30.68887	80	60	0.485363926	0.305	0.97
1442935984	0.7421	80	60	0.485363926	0.305	0.97
1445452910	0.03185	80	60	0.485363926	0.305	0.97
1445452911	0.01997	80	60	0.485363926	0.305	0.97
301631	1.35931	80	60	0.485363926	0.305	0.97
2788290	8.34778	80	60	0.485363926	0.305	0.97
2788435	1.48297	80	60	0.485363926	0.305	0.97
2856870	2.77991	80	60	0.485363926	0.305	0.97
2856973	18.77442	80	100	0.485363926	0.305	0.97
2857306	2.0414	80	60	0.485363926	0.305	0.97
2860969	23.49014	3480	80	0.485363926	0.305	0.99
2870445	1.47148	80	60	0.485363926	0.305	0.97
10699301	6.85942	5580	100	0.485363926	0.45	0.97
15668733	3.21418	80	60	0.485363926	0.305	0.97
15668734	3.23069	580	60	0.485363926	0.305	0.97
